s,kW,kW,kW,kW,kW,kW,kW,kW,kW,kg/s,kg/s,kg/s,kg/s
Time,HRR,Q_RADI,Q_CONV,Q_COND,Q_DIFF,Q_PRES,Q_PART,Q_ENTH,Q_TOTAL,MLR_AIR,MLR_FUEL VAPOR,MLR_PRODUCTS,MLR_WATER VAPOR
 0.0000000E+000, 3.6000000E+001,-1.0678622E-001,-2.8896569E-009, 0.0000000E+000, 0.0000000E+000, 0.0000000E+000, 0.0000000E+000, 0.0000000E+000, 3.5893214E+001, 0.0000000E+000, 0.0000000E+000, 0.0000000E+000, 0.0000000E+000
 1.9364917E-001, 3.6015359E+001,-4.1306036E-002, 2.6491928E-002,-3.4676020E-002, 0.0000000E+000, 0.0000000E+000,-4.5729054E+000, 2.2385674E+001, 3.1392963E+001,-1.4555542E-009, 2.8137027E-006, 1.6504401E-009, 4.8304214E-005
 3.8729835E-001, 3.6039854E+001,-1.0735516E-001, 1.0612192E-001,-1.7024914E-001, 0.0000000E+000, 0.0000000E+000,-1.2602106E+001, 2.5321406E+001, 2.3266266E+001,-2.1981541E-009, 2.8660704E-006, 2.4924676E-009, 4.8969373E-005
 5.8094752E-001, 3.6047410E+001,-2.3543208E-001, 2.1010576E-001,-2.5639624E-001, 0.0000000E+000, 0.0000000E+000,-1.6332498E+001, 2.0533966E+001, 1.9433190E+001,-2.3744755E-009, 3.0382727E-006, 2.6923969E-009, 5.0915553E-005
 7.7459669E-001, 3.6052693E+001,-3.6558104E-001, 2.8110143E-001,-2.5319946E-001, 0.0000000E+000, 0.0000000E+000,-1.8208298E+001, 1.7829118E+001, 1.7506716E+001,-2.9852031E-009, 3.4521173E-006, 3.3848955E-009, 5.4836664E-005
 9.4836843E-001, 3.6061933E+001,-4.8685979E-001, 2.6763323E-001,-2.2890896E-001, 0.0000000E+000, 0.0000000E+000,-1.8459224E+001, 1.6992005E+001, 1.7154573E+001,-4.4387903E-009, 4.2735351E-006, 5.0331053E-009, 6.1307974E-005
 1.1001092E+000, 3.6075860E+001,-5.7431173E-001, 1.7977848E-001,-2.1548835E-001, 0.0000000E+000, 0.0000000E+000,-1.7990223E+001, 1.7117466E+001, 1.7475615E+001,-6.9611372E-009, 5.5164724E-006, 7.8931724E-009, 6.9671846E-005
 1.2785325E+000, 3.6098670E+001,-6.1778095E-001, 5.0552916E-002,-2.1494803E-001, 0.0000000E+000, 0.0000000E+000,-1.7136553E+001, 1.7947526E+001, 1.8179941E+001,-1.1298031E-008, 7.4049084E-006, 1.2810738E-008, 8.0832850E-005
 1.4407278E+000, 3.6133123E+001,-6.3357055E-001,-2.9365336E-002,-2.2455819E-001, 0.0000000E+000, 0.0000000E+000,-1.6655985E+001, 1.8607536E+001, 1.8589643E+001,-1.8156948E-008, 1.0144064E-005, 2.0588003E-008, 9.5336500E-005
 1.6297855E+000, 3.6184403E+001,-6.4853952E-001, 4.5780543E-002,-2.3799311E-001, 0.0000000E+000, 0.0000000E+000,-1.6486665E+001, 1.8849026E+001, 1.8856986E+001,-2.9024157E-008, 1.4170405E-005, 3.2910237E-008, 1.1447185E-004
 1.8031031E+000, 3.6260594E+001,-6.8382118E-001, 1.5322056E-001,-2.4744857E-001, 0.0000000E+000, 0.0000000E+000,-1.6330532E+001, 1.9019941E+001, 1.9152013E+001,-4.6202581E-008, 1.9972192E-005, 5.2388701E-008, 1.3941275E-004
 1.9984919E+000, 3.6368559E+001,-7.0683920E-001, 1.4407323E-001,-2.5086854E-001, 0.0000000E+000, 0.0000000E+000,-1.6061814E+001, 1.9358697E+001, 1.9493110E+001,-7.2225485E-008, 2.7963078E-005, 8.1895843E-008, 1.7069365E-004
 2.1722543E+000, 3.6514177E+001,-7.3314198E-001, 9.1469713E-002,-2.5084289E-001, 0.0000000E+000, 0.0000000E+000,-1.5679299E+001, 1.9847682E+001, 1.9942363E+001,-1.0831346E-007, 3.8243789E-005, 1.2281568E-007, 2.0793994E-004
 2.3416917E+000, 3.6681347E+001,-7.5368945E-001, 1.2501948E-001,-2.4926772E-001, 0.0000000E+000, 0.0000000E+000,-1.5393688E+001, 2.0318487E+001, 2.0409721E+001,-1.5173559E-007, 4.9851231E-005, 1.7205166E-007, 2.4741211E-004
 2.5393684E+000, 3.6898335E+001,-7.8536360E-001, 1.6573868E-001,-2.4709211E-001, 0.0000000E+000, 0.0000000E+000,-1.5088847E+001, 2.0809678E+001, 2.0942771E+001,-2.0965707E-007, 6.4541850E-005, 2.3772831E-007, 2.9478093E-004
 2.7088058E+000, 3.7154120E+001,-8.5834425E-001, 1.5328801E-001,-2.4635784E-001, 0.0000000E+000, 0.0000000E+000,-1.4716261E+001, 2.1378007E+001, 2.1486445E+001,-2.7894959E-007, 8.1488706E-005, 3.1629849E-007, 3.4692903E-004
 2.9064825E+000, 3.7450814E+001,-9.4762021E-001, 1.7776949E-001,-2.4784861E-001, 0.0000000E+000, 0.0000000E+000,-1.4409566E+001, 2.1882785E+001, 2.2023549E+001,-3.5994244E-007, 1.0087092E-004, 4.0813557E-007, 4.0380969E-004
 3.0759199E+000, 3.7788632E+001,-1.0310880E+000, 2.2200349E-001,-2.5074218E-001, 0.0000000E+000, 0.0000000E+000,-1.4168403E+001, 2.2411807E+001, 2.2560403E+001,-4.5343754E-007, 1.2290304E-004, 5.1414884E-007, 4.6554729E-004
 3.2536757E+000, 3.8165602E+001,-1.1276856E+000, 2.3234859E-001,-2.5357540E-001, 0.0000000E+000, 0.0000000E+000,-1.3972707E+001, 2.2913340E+001, 2.3043982E+001,-5.5660482E-007, 1.4682045E-004, 6.3112932E-007, 5.2937424E-004
 3.4314315E+000, 3.8584697E+001,-1.1748548E+000, 2.4215558E-001,-2.5636057E-001, 0.0000000E+000, 0.0000000E+000,-1.3934775E+001, 2.3342279E+001, 2.3460863E+001,-6.7824576E-007, 1.7442548E-004, 7.6905691E-007, 5.9956275E-004
 3.6091874E+000, 3.9065932E+001,-1.2659580E+000, 2.6888762E-001,-2.5867650E-001, 0.0000000E+000, 0.0000000E+000,-1.3925675E+001, 2.3781681E+001, 2.3884510E+001,-8.2030991E-007, 2.0588761E-004, 9.3014220E-007, 6.7571817E-004
 3.7869432E+000, 3.9613776E+001,-1.3748229E+000, 3.0692827E-001,-2.6056584E-001, 0.0000000E+000, 0.0000000E+000,-1.3925596E+001, 2.4264688E+001, 2.4359719E+001,-9.8472943E-007, 2.4147172E-004, 1.1165760E-006, 7.5765555E-004
 3.9646990E+000, 4.0232820E+001,-1.4662829E+000, 3.3447526E-001,-2.6174315E-001, 0.0000000E+000, 0.0000000E+000,-1.3936676E+001, 2.4805608E+001, 2.4902593E+001,-1.1736488E-006, 2.8146837E-004, 1.3307900E-006, 8.4515445E-004
 4.1424546E+000, 4.0928391E+001,-1.5736141E+000, 3.7438564E-001,-2.6299821E-001, 0.0000000E+000, 0.0000000E+000,-1.3969425E+001, 2.5401712E+001, 2.5496740E+001,-1.3899274E-006, 3.2618731E-004, 1.5760265E-006, 9.3796253E-004
 4.3202105E+000, 4.1705819E+001,-1.6890083E+000, 4.2374584E-001,-2.6467714E-001, 0.0000000E+000, 0.0000000E+000,-1.4052882E+001, 2.6010921E+001, 2.6122997E+001,-1.6358086E-006, 3.7603370E-004, 1.8548290E-006, 1.0359386E-003
 4.5233603E+000, 4.2638653E+001,-1.8083410E+000, 4.6694239E-001,-2.6693431E-001, 0.0000000E+000, 0.0000000E+000,-1.4256700E+001, 2.6663218E+001, 2.6773620E+001,-1.9349087E-006, 4.3589520E-004, 2.1939760E-006, 1.1468366E-003
 4.7011161E+000, 4.3686932E+001,-1.9709878E+000, 5.1382848E-001,-2.6932303E-001, 0.0000000E+000, 0.0000000E+000,-1.4581345E+001, 2.7256006E+001, 2.7379104E+001,-2.2763385E-006, 5.0346954E-004, 2.5811202E-006, 1.2646598E-003
 4.8788719E+000, 4.4793763E+001,-2.1002896E+000, 5.5213545E-001,-2.7138591E-001, 0.0000000E+000, 0.0000000E+000,-1.4981875E+001, 2.7886246E+001, 2.7992347E+001,-2.6437763E-006, 5.7510558E-004, 2.9977547E-006, 1.3820793E-003
 5.0538945E+000, 4.6045582E+001,-2.2972968E+000,-5.0646375E-001,-2.7288311E-001, 0.0000000E+000, 0.0000000E+000,-1.5473873E+001, 2.7524639E+001, 2.7495065E+001,-3.0617242E-006, 6.5565422E-004, 3.4716621E-006, 1.5063354E-003
 5.2238498E+000, 4.7422263E+001,-2.4759377E+000,-3.8040645E+000,-2.7363690E-001, 0.0000000E+000, 0.0000000E+000,-1.6073339E+001, 2.4871233E+001, 2.4795286E+001,-3.5315501E-006, 7.4555384E-004, 4.0043936E-006, 1.6367666E-003
 5.4232640E+000, 4.9098341E+001,-2.7354874E+000,-7.5127753E+000,-2.7429355E-001, 0.0000000E+000, 0.0000000E+000,-1.6733463E+001, 2.1816767E+001, 2.1842321E+001,-4.1176024E-006, 8.5622831E-004, 4.6689131E-006, 1.7868542E-003
 5.5977511E+000, 5.1073006E+001,-3.0234681E+000,-1.0183069E+001,-2.7778782E-001, 0.0000000E+000, 0.0000000E+000,-1.7481274E+001, 1.9874557E+001, 2.0107408E+001,-4.8057341E-006, 9.8605463E-004, 5.4491797E-006, 1.9506828E-003
 5.7722383E+000, 5.3217085E+001,-3.4001976E+000,-9.7009223E+000,-2.9955935E-001, 0.0000000E+000, 0.0000000E+000,-1.8283783E+001, 2.1186372E+001, 2.1532623E+001,-5.5559461E-006, 1.1280162E-003, 6.2998385E-006, 2.1162354E-003
 5.9467258E+000, 5.5721413E+001,-3.7443056E+000,-7.9872555E+000,-3.4063914E-001, 0.0000000E+000, 0.0000000E+000,-1.9356360E+001, 2.3839262E+001, 2.4292852E+001,-6.4438464E-006, 1.2967462E-003, 7.3066208E-006, 2.2977110E-003
 6.1355324E+000, 5.8929077E+001,-4.2618879E+000,-6.1941788E+000,-3.5197441E-001, 0.0000000E+000, 0.0000000E+000,-2.0711729E+001, 2.6955856E+001, 2.7409306E+001,-7.5719506E-006, 1.5126956E-003, 8.5857682E-006, 2.5101017E-003
 6.3137317E+000, 6.2876282E+001,-4.8536006E+000,-4.4292258E+000,-3.3818582E-001, 0.0000000E+000, 0.0000000E+000,-2.2517402E+001, 3.0222337E+001, 3.0737867E+001,-8.9904565E-006, 1.7892026E-003, 1.0194200E-005, 2.7564394E-003
 6.4919314E+000, 6.7743212E+001,-5.6413577E+000,-2.9479146E+000,-3.1912904E-001, 0.0000000E+000, 0.0000000E+000,-2.4730868E+001, 3.3569142E+001, 3.4103943E+001,-1.0764942E-005, 2.1411958E-003, 1.2206273E-005, 3.0369210E-003
 6.6714401E+000, 7.4446323E+001,-6.7881751E+000,-1.9184953E+000,-3.1060331E-001, 0.0000000E+000, 0.0000000E+000,-2.7811589E+001, 3.7038577E+001, 3.7617460E+001,-1.3118104E-005, 2.6271677E-003, 1.4874503E-005, 3.3789248E-003
 6.8483281E+000, 8.3485478E+001,-8.2235472E+000,-1.0684144E+000,-3.0818630E-001, 0.0000000E+000, 0.0000000E+000,-3.2057614E+001, 4.1080275E+001, 4.1827715E+001,-1.6311384E-005, 3.3295903E-003, 1.8495334E-005, 3.8078419E-003
 7.0252161E+000, 9.6600012E+001,-1.0560393E+001,-3.2716540E-001,-3.0362301E-001, 0.0000000E+000, 0.0000000E+000,-3.7868882E+001, 4.6327924E+001, 4.7539948E+001,-2.0719628E-005, 4.4157586E-003, 2.3493804E-005, 4.3628308E-003
 7.2021036E+000, 1.0943729E+002,-1.1818797E+001, 3.6672136E-001,-2.9944716E-001, 0.0000000E+000, 0.0000000E+000,-4.4203202E+001, 5.1738017E+001, 5.3482560E+001,-2.7582487E-005, 6.2076617E-003, 3.1275540E-005, 5.0850432E-003
 7.3986459E+000, 1.2921487E+002,-1.5749902E+001, 9.6164631E-001,-2.9631334E-001, 0.0000000E+000, 0.0000000E+000,-4.8531087E+001, 6.4071850E+001, 6.5599211E+001,-3.9373468E-005, 9.0040550E-003, 4.4645230E-005, 5.8421323E-003
 7.5755339E+000, 1.5884344E+002,-2.3666385E+001, 6.3185076E-001,-2.9761038E-001, 0.0000000E+000, 0.0000000E+000,-5.2359486E+001, 8.0251757E+001, 8.3151809E+001,-5.4710789E-005, 1.2409111E-002, 6.2036083E-005, 6.4080132E-003
 7.7524219E+000, 2.0102302E+002,-3.5491996E+001,-4.4453540E+000,-3.0415871E-001, 0.0000000E+000, 0.0000000E+000,-5.6173915E+001, 1.0056692E+002, 1.0460760E+002,-7.3428216E-005, 1.5882214E-002, 8.3259609E-005, 6.7704256E-003
 7.9293098E+000, 2.5354096E+002,-4.9625729E+001,-1.7953325E+001,-3.1618172E-001, 0.0000000E+000, 0.0000000E+000,-6.4776474E+001, 1.1900849E+002, 1.2086925E+002,-9.2266835E-005, 1.9708937E-002, 1.0462055E-004, 7.1773241E-003
 8.1145391E+000, 3.2122233E+002,-6.5080810E+001,-2.9755774E+001,-3.3515241E-001, 0.0000000E+000, 0.0000000E+000,-7.1902101E+001, 1.4884157E+002, 1.5414849E+002,-1.2227447E-004, 2.5063723E-002, 1.3864594E-004, 7.6477164E-003
 8.2898674E+000, 4.0078965E+002,-8.1088863E+001,-3.0546727E+001,-3.5916041E-001, 0.0000000E+000, 0.0000000E+000,-7.9332427E+001, 2.0250170E+002, 2.0946247E+002,-1.6364112E-004, 3.2170244E-002, 1.8555123E-004, 7.8976746E-003
 8.4655113E+000, 4.9062240E+002,-9.7272970E+001,-2.7428321E+001,-4.0300946E-001, 0.0000000E+000, 0.0000000E+000,-8.5075095E+001, 2.7142394E+002, 2.8044301E+002,-2.2364525E-004, 3.9863973E-002, 2.5358939E-004, 7.6313747E-003
 8.6428070E+000, 5.9992515E+002,-1.1640768E+002,-2.7210884E+001,-4.7016139E-001, 0.0000000E+000, 0.0000000E+000,-9.5043636E+001, 3.5533592E+002, 3.6079279E+002,-3.1501034E-004, 4.8080428E-002, 3.5718746E-004, 7.1713163E-003
 8.8221064E+000, 7.3229863E+002,-1.3792940E+002,-3.2703205E+001,-5.1625741E-001, 0.0000000E+000, 0.0000000E+000,-1.0288660E+002, 4.4972939E+002, 4.5826317E+002,-4.5823452E-004, 5.8120910E-002, 5.1958810E-004, 6.7610408E-003
 9.0052547E+000, 9.0522658E+002,-1.7227686E+002,-3.1384783E+001,-5.8127287E-001, 0.0000000E+000, 0.0000000E+000,-1.0792106E+002, 5.8437161E+002, 5.9306259E+002,-6.0460012E-004, 6.6589975E-002, 6.8555076E-004, 6.3879763E-003
 9.1868629E+000, 1.0135098E+003,-1.8233808E+002,-5.6495538E+001,-7.0215566E-001, 0.0000000E+000, 0.0000000E+000,-1.0753130E+002, 6.6131756E+002, 6.6644268E+002,-7.9956102E-004, 6.9083656E-002, 9.0661521E-004, 5.8682121E-003
 9.3614283E+000, 1.0630600E+003,-1.7391092E+002,-2.0116583E+002,-8.2067757E-001, 0.0000000E+000, 0.0000000E+000,-1.0518898E+002, 5.7597750E+002, 5.8197356E+002,-1.9030329E-003, 6.7983348E-002, 2.1578323E-003, 5.1917079E-003
 9.5429602E+000, 1.2054644E+003,-2.0392155E+002,-3.8138690E+002,-1.2130131E+000, 0.0000000E+000, 0.0000000E+000,-1.1110291E+002, 4.9856281E+002, 5.0784007E+002,-5.3628416E-003, 6.7619404E-002, 6.0808790E-003, 4.8769093E-003
 9.7244921E+000, 1.1653498E+003,-1.7787569E+002,-3.3271989E+002,-1.2896839E+000, 0.0000000E+000, 0.0000000E+000,-9.6441880E+001, 5.3408759E+002, 5.5702264E+002,-1.1586377E-002, 6.9532879E-002, 1.3137691E-002, 5.0375776E-003
 9.9060240E+000, 1.2989784E+003,-2.2400639E+002,-2.9837716E+002,-1.3353319E+000, 0.0000000E+000, 0.0000000E+000,-8.1285733E+001, 6.5798028E+002, 6.9397373E+002,-1.9612019E-002, 7.4211073E-002, 2.2237896E-002, 4.7627906E-003
 1.0080832E+001, 1.4054489E+003,-2.4493129E+002,-3.3893012E+002,-1.3350620E+000, 0.0000000E+000, 0.0000000E+000,-5.7759580E+001, 7.0831140E+002, 7.6249289E+002,-3.0600022E-002, 7.6124684E-002, 3.4697096E-002, 4.1276159E-003
 1.0262284E+001, 1.3370113E+003,-2.0283213E+002,-4.5901448E+002,-1.4138961E+000, 0.0000000E+000, 0.0000000E+000,-3.5760554E+001, 5.8360996E+002, 6.3799028E+002,-3.9177229E-002, 7.4762743E-002, 4.4422716E-002, 3.2311017E-003
 1.0440116E+001, 1.3310532E+003,-2.0536958E+002,-9.1478022E+002,-1.6836907E+000, 0.0000000E+000, 0.0000000E+000,-2.1602085E+001, 1.2047574E+002, 1.8761759E+002,-3.9722814E-002, 6.7039161E-002, 4.5041349E-002, 2.5168972E-003
 1.0621230E+001, 1.3724707E+003,-2.2704731E+002,-7.2056708E+002,-2.8644956E+000, 0.0000000E+000, 0.0000000E+000,-2.5306042E+001, 3.4025387E+002, 3.9668572E+002,-3.5748574E-002, 5.5128423E-002, 4.0534993E-002, 2.1003074E-003
 1.0804676E+001, 1.3165454E+003,-2.0881581E+002,-9.0021319E+002,-2.3112194E+000, 0.0000000E+000, 0.0000000E+000,-2.4959822E+001, 1.2431664E+002, 1.8024535E+002,-3.5557916E-002, 4.4030609E-002, 4.0318809E-002, 1.9074503E-003
 1.0981797E+001, 1.1794862E+003,-1.6753393E+002,-9.4347616E+002,-1.7202379E+000, 0.0000000E+000, 0.0000000E+000, 8.0454545E+000, 1.1217188E+000, 7.4801330E+001,-4.8517666E-002, 3.3782739E-002, 5.5013755E-002, 1.7603849E-003
 1.1163465E+001, 9.4960363E+002,-1.1205755E+002,-9.5665636E+002,-2.1063773E+000, 0.0000000E+000, 0.0000000E+000, 6.1064505E+001,-1.7603934E+002,-6.0152148E+001,-7.5007889E-002, 2.3970291E-002, 8.5050786E-002, 1.6119897E-003
 1.1344006E+001, 6.8703949E+002,-5.8923066E+001,-7.1205763E+002,-2.0713696E+000, 0.0000000E+000, 0.0000000E+000, 1.3143232E+002,-1.0946008E+002, 4.5419741E+001,-9.9890719E-002, 1.6561075E-002, 1.1326521E-001, 1.5106921E-003
 1.1524003E+001, 5.2626816E+002,-4.9248534E+001,-8.5633547E+002,-1.6919810E+000, 0.0000000E+000, 0.0000000E+000, 1.5251354E+002,-3.7840363E+002,-2.2849428E+002,-9.9165631E-002, 1.2760109E-002, 1.1244304E-001, 1.4156952E-003
 1.1706048E+001, 3.8926788E+002,-3.3536496E+001,-9.8842094E+002,-1.7775195E+000, 0.0000000E+000, 0.0000000E+000, 1.3025801E+002,-6.2349436E+002,-5.0420906E+002,-7.6732573E-002, 1.1657813E-002, 8.7006390E-002, 1.3859089E-003
 1.1886636E+001, 2.9738259E+002,-2.6308516E+001,-8.2912459E+002,-2.1368789E+000, 0.0000000E+000, 0.0000000E+000, 8.3588922E+001,-5.5792228E+002,-4.7659848E+002,-4.7008436E-002, 1.0877691E-002, 5.3302453E-002, 1.3283701E-003
 1.2062855E+001, 2.5814674E+002,-3.0051723E+001,-4.8746022E+002,-2.4212831E+000, 0.0000000E+000, 0.0000000E+000, 4.8592104E+001,-2.5822469E+002,-2.1319438E+002,-2.6782008E-002, 1.0184837E-002, 3.0367883E-002, 1.1847820E-003
 1.2248766E+001, 2.1824269E+002,-2.7614219E+001,-3.9815822E+002,-1.7306497E+000, 0.0000000E+000, 0.0000000E+000, 2.8132001E+001,-2.0512465E+002,-1.8112839E+002,-1.5353869E-002, 8.5064279E-003, 1.7409617E-002, 1.0642552E-003
 1.2426130E+001, 1.8589629E+002,-2.1640251E+001,-3.9019576E+002,-1.1397487E+000, 0.0000000E+000, 0.0000000E+000, 1.8423479E+001,-2.2320861E+002,-2.0865598E+002,-9.9607226E-003, 7.1778555E-003, 1.1294376E-002, 9.9269974E-004
 1.2608438E+001, 1.6136096E+002,-1.8466594E+001,-3.9921138E+002,-9.7166592E-001, 0.0000000E+000, 0.0000000E+000, 1.4654414E+001,-2.5399107E+002,-2.4263427E+002,-7.1702567E-003, 5.6236581E-003, 8.1302910E-003, 9.5826836E-004
 1.2784348E+001, 1.3586923E+002,-1.4638819E+001,-3.6663741E+002,-8.4040054E-001, 0.0000000E+000, 0.0000000E+000, 9.5673379E+000,-2.4312957E+002,-2.3668006E+002,-4.1523495E-003, 4.0502563E-003, 4.7083126E-003, 9.4360694E-004
 1.2963777E+001, 1.0747626E+002,-9.5854054E+000,-3.4629068E+002,-9.0261216E-001, 0.0000000E+000, 0.0000000E+000, 9.5320028E+000,-2.4435197E+002,-2.3977043E+002,-3.2357610E-003, 2.4751840E-003, 3.6690009E-003, 9.2815816E-004
 1.3144379E+001, 7.6887250E+001,-3.6929117E+000,-2.9839099E+002,-7.4504518E-001, 0.0000000E+000, 0.0000000E+000, 9.9194873E+000,-2.2074362E+002,-2.1602221E+002,-2.2259572E-003, 1.3238165E-003, 2.5239933E-003, 8.9681029E-004
 1.3324980E+001, 5.4382934E+001,-5.1105562E-001,-2.3670894E+002,-6.3580546E-001, 0.0000000E+000, 0.0000000E+000, 1.0033368E+001,-1.7691925E+002,-1.7343950E+002,-1.7235949E-003, 9.7920867E-004, 1.9543691E-003, 8.7413931E-004
 1.3505581E+001, 4.3476975E+001,-9.3885478E-001,-2.5811201E+002,-6.3937462E-001, 0.0000000E+000, 0.0000000E+000, 8.5476913E+000,-2.0634521E+002,-2.0766557E+002,-6.3775199E-004, 1.1513345E-003, 7.2314138E-004, 8.5859069E-004
 1.3686183E+001, 4.2758434E+001,-2.9322280E+000,-2.9843976E+002,-7.1101960E-001, 0.0000000E+000, 0.0000000E+000, 6.0601932E+000,-2.5448543E+002,-2.5326438E+002,-2.1458254E-004, 1.3844478E-003, 2.4331325E-004, 8.1755790E-004
 1.3866784E+001, 4.5269819E+001,-4.4130345E+000,-2.6276670E+002,-6.3372318E-001, 0.0000000E+000, 0.0000000E+000, 4.0994166E+000,-2.1952362E+002,-2.1844422E+002,-8.2532496E-005, 1.6872278E-003, 9.3582872E-005, 7.7425102E-004
 1.4047386E+001, 4.6015789E+001,-4.9536550E+000,-2.1301295E+002,-6.1097799E-001, 0.0000000E+000, 0.0000000E+000, 3.1404766E+000,-1.7114811E+002,-1.6942132E+002,-3.4603546E-005, 1.8234244E-003, 3.9236657E-005, 7.1974467E-004
 1.4226697E+001, 4.8063085E+001,-5.1741593E+000,-1.7698977E+002,-6.2090496E-001, 0.0000000E+000, 0.0000000E+000, 1.9353268E+000,-1.3365255E+002,-1.3278642E+002,-1.7509991E-005, 1.8888455E-003, 1.9854425E-005, 6.8745025E-004
 1.4411169E+001, 5.0779631E+001,-5.7870655E+000,-1.5539849E+002,-5.7606401E-001, 0.0000000E+000, 0.0000000E+000, 3.6043787E-001,-1.1163457E+002,-1.1062155E+002,-1.2795923E-005, 2.0427440E-003, 1.4509184E-005, 6.9735126E-004
 1.4582870E+001, 5.4747500E+001,-6.6236281E+000,-1.3439509E+002,-5.7875447E-001, 0.0000000E+000, 0.0000000E+000,-1.3831990E+000,-8.9764618E+001,-8.8233174E+001,-1.3262094E-005, 2.3555317E-003, 1.5037772E-005, 7.4839037E-004
 1.4770179E+001, 5.8020925E+001,-7.2109860E+000,-1.1982843E+002,-5.3565724E-001, 0.0000000E+000, 0.0000000E+000,-2.7212752E+000,-7.3342189E+001,-7.2275427E+001,-1.5394329E-005, 2.7771772E-003, 1.7455495E-005, 8.2917807E-004
 1.4941879E+001, 6.4071484E+001,-8.7228707E+000,-1.1190157E+002,-4.8104337E-001, 0.0000000E+000, 0.0000000E+000,-4.3197728E+000,-6.1314973E+001,-6.1353771E+001,-1.8628122E-005, 3.2979057E-003, 2.1122264E-005, 8.8730773E-004
 1.5129189E+001, 7.3228522E+001,-1.0317877E+001,-1.2194929E+002,-4.0311568E-001, 0.0000000E+000, 0.0000000E+000,-6.1200606E+000,-6.6502220E+001,-6.5561819E+001,-2.3232884E-005, 3.9874711E-003, 2.6343563E-005, 9.3822830E-004
 1.5300889E+001, 7.9799743E+001,-1.1317421E+001,-9.5646127E+001,-3.1407616E-001, 0.0000000E+000, 0.0000000E+000,-6.7909731E+000,-3.6846322E+001,-3.4268854E+001,-3.0155561E-005, 4.7145987E-003, 3.4193125E-005, 9.4399991E-004
 1.5488199E+001, 8.7077908E+001,-1.2519779E+001,-7.7079344E+001,-2.7746254E-001, 0.0000000E+000, 0.0000000E+000,-7.5001433E+000,-1.2056055E+001,-1.0298821E+001,-3.4744487E-005, 5.0898150E-003, 3.9396469E-005, 9.1933287E-004
 1.5675508E+001, 9.6212174E+001,-1.5377538E+001,-7.3687287E+001,-2.4920302E-001, 0.0000000E+000, 0.0000000E+000,-8.3382900E+000,-1.9457575E+000,-1.4401439E+000,-4.0627540E-005, 5.4077804E-003, 4.6067210E-005, 9.1104037E-004
 1.5847209E+001, 1.0570062E+002,-1.6467733E+001,-7.8222688E+001,-2.3965654E-001, 0.0000000E+000, 0.0000000E+000,-9.3345729E+000, 7.2115367E-001, 1.4359702E+000,-5.0364737E-005, 5.7130307E-003, 5.7108133E-005, 9.3841776E-004
 1.6029648E+001, 1.0979919E+002,-1.6882562E+001,-8.0142098E+001,-2.2331148E-001, 0.0000000E+000, 0.0000000E+000,-8.9993212E+000, 1.9185201E+000, 3.5518947E+000,-6.3592233E-005, 5.8997513E-003, 7.2106674E-005, 9.7090406E-004
 1.6211460E+001, 1.1449368E+002,-1.6974277E+001,-7.8707729E+001,-2.1436100E-001, 0.0000000E+000, 0.0000000E+000,-9.7773045E+000, 8.2235776E+000, 8.8200083E+000,-8.2272704E-005, 5.8280593E-003, 9.3288296E-005, 9.9146199E-004
 1.6388132E+001, 1.1674678E+002,-1.5637663E+001,-8.7945036E+001,-2.0488635E-001, 0.0000000E+000, 0.0000000E+000,-1.0525392E+001, 1.6053611E+000, 2.4338071E+000,-1.2717629E-004, 5.8675326E-003, 1.4420407E-004, 1.0446909E-003
 1.6570415E+001, 1.1225581E+002,-1.3654310E+001,-8.9457524E+001,-1.9666862E-001, 0.0000000E+000, 0.0000000E+000,-1.1185598E+001,-1.8506064E+000,-2.2382874E+000,-1.8120909E-004, 5.7664278E-003, 2.0547140E-004, 1.1226811E-003
 1.6741117E+001, 1.1791347E+002,-1.5141869E+001,-1.0532318E+002,-1.8848026E-001, 0.0000000E+000, 0.0000000E+000,-1.2925261E+001,-1.7351142E+001,-1.5665318E+001,-2.6166402E-004, 6.2253949E-003, 2.9669853E-004, 1.2305571E-003
 1.6925209E+001, 1.2514653E+002,-1.7063661E+001,-1.1266452E+002,-1.8708900E-001, 0.0000000E+000, 0.0000000E+000,-1.3047129E+001,-1.9371963E+001,-1.7815870E+001,-3.2831475E-004, 7.2649297E-003, 3.7227321E-004, 1.3106803E-003
 1.7109299E+001, 1.3162083E+002,-1.7838568E+001,-1.0540015E+002,-1.8670468E-001, 0.0000000E+000, 0.0000000E+000,-1.2956988E+001,-6.5188826E+000,-4.7615782E+000,-3.9544446E-004, 8.1212354E-003, 4.4839099E-004, 1.1935032E-003
 1.7281116E+001, 1.3943196E+002,-2.0043453E+001,-8.7165512E+001,-1.6915212E-001, 0.0000000E+000, 0.0000000E+000,-1.4685309E+001, 1.5017348E+001, 1.7368537E+001,-4.6813581E-004, 8.4456326E-003, 5.3081508E-004, 1.0561265E-003
 1.7465206E+001, 1.5469949E+002,-2.3828143E+001,-9.4740609E+001,-1.5820107E-001, 0.0000000E+000, 0.0000000E+000,-1.6376895E+001, 1.7435571E+001, 1.9595642E+001,-5.4635888E-004, 8.5317210E-003, 6.1951154E-004, 9.4581791E-004
 1.7649298E+001, 1.5775895E+002,-2.1598073E+001,-8.0865022E+001,-1.4806114E-001, 0.0000000E+000, 0.0000000E+000,-1.7720743E+001, 3.5369624E+001, 3.7427055E+001,-7.3826896E-004, 8.5244266E-003, 8.3711669E-004, 9.2627795E-004
 1.7821115E+001, 1.5556625E+002,-1.9807098E+001,-9.3972317E+001,-1.4150152E-001, 0.0000000E+000, 0.0000000E+000,-1.6804644E+001, 2.3839663E+001, 2.4840690E+001,-1.0106425E-003, 8.7605128E-003, 1.1459586E-003, 1.0328664E-003
 1.8005205E+001, 1.6110300E+002,-2.2662097E+001,-1.1287247E+002,-1.3638872E-001, 0.0000000E+000, 0.0000000E+000,-1.5436459E+001, 6.2730214E+000, 9.9955867E+000,-1.1291680E-003, 9.2760929E-003, 1.2803537E-003, 1.1633334E-003
 1.8189297E+001, 1.7028576E+002,-2.4610411E+001,-1.0515284E+002,-1.2865673E-001, 0.0000000E+000, 0.0000000E+000,-1.7300438E+001, 2.0572777E+001, 2.3093420E+001,-1.1773029E-003, 9.6456444E-003, 1.3349334E-003, 1.2940441E-003
 1.8361115E+001, 1.6784027E+002,-2.2691976E+001,-9.3252037E+001,-1.2462716E-001, 0.0000000E+000, 0.0000000E+000,-1.7148328E+001, 3.0505354E+001, 3.4623300E+001,-1.2274722E-003, 9.8888453E-003, 1.3918200E-003, 1.3676459E-003
 1.8542572E+001, 1.7503181E+002,-2.4557959E+001,-9.2846661E+001,-1.2062755E-001, 0.0000000E+000, 0.0000000E+000,-1.5869053E+001, 3.9121854E+001, 4.1637505E+001,-1.4324158E-003, 9.7336013E-003, 1.6242037E-003, 1.3039701E-003
 1.8728840E+001, 1.7533970E+002,-2.3636339E+001,-1.1865697E+002,-1.1634070E-001, 0.0000000E+000, 0.0000000E+000,-1.4059288E+001, 1.5158024E+001, 1.8870768E+001,-1.8163203E-003, 9.6273605E-003, 2.0595096E-003, 1.2117788E-003
 1.8904150E+001, 1.7116920E+002,-2.2469232E+001,-1.3133373E+002,-1.1252854E-001, 0.0000000E+000, 0.0000000E+000,-1.2157138E+001, 1.6392071E+000, 5.0965698E+000,-1.9834522E-003, 9.1905313E-003, 2.2490190E-003, 1.2081355E-003
 1.9090418E+001, 1.7470289E+002,-2.3704731E+001,-1.4114765E+002,-1.0927761E-001, 0.0000000E+000, 0.0000000E+000,-1.0274593E+001,-3.8901756E+000,-5.3335390E-001,-1.8657179E-003, 8.3394172E-003, 2.1155212E-003, 1.2494850E-003
 1.9265728E+001, 1.4403244E+002,-1.4178602E+001,-1.2852489E+002,-1.0314480E-001, 0.0000000E+000, 0.0000000E+000,-6.8201411E+000,-8.1073528E+000,-5.5943431E+000,-1.6113035E-003, 7.4306836E-003, 1.8270429E-003, 1.2287355E-003
 1.9441038E+001, 1.3784498E+002,-1.4606616E+001,-1.1556964E+002,-9.7570200E-002, 0.0000000E+000, 0.0000000E+000,-5.3763895E+000,-1.5419886E+000, 2.1947641E+000,-1.3871432E-003, 6.7561078E-003, 1.5728694E-003, 1.1672644E-003
 1.9627306E+001, 1.2811561E+002,-1.4274786E+001,-1.3947554E+002,-9.5746796E-002, 0.0000000E+000, 0.0000000E+000,-5.7777977E+000,-3.1512458E+001,-3.1508254E+001,-1.0133219E-003, 6.6121534E-003, 1.1489968E-003, 1.1083054E-003
 1.9802616E+001, 1.1853387E+002,-1.3358931E+001,-1.5649399E+002,-8.8710630E-002, 0.0000000E+000, 0.0000000E+000,-6.6252272E+000,-6.0631853E+001,-5.8032989E+001,-7.2463838E-004, 6.9105166E-003, 8.2166110E-004, 9.8519284E-004
 1.9983406E+001, 1.2569310E+002,-1.6202494E+001,-1.2162972E+002,-8.1280976E-002, 0.0000000E+000, 0.0000000E+000,-7.6284004E+000,-2.1816955E+001,-1.9848794E+001,-8.7150902E-004, 7.2577391E-003, 9.8819642E-004, 8.4774460E-004
 2.0160578E+001, 1.2210526E+002,-1.5188915E+001,-1.0646187E+002,-7.7128508E-002, 0.0000000E+000, 0.0000000E+000,-8.2299903E+000,-1.0723048E+001,-7.8526457E+000,-8.8698824E-004, 7.4618820E-003, 1.0057482E-003, 8.0629597E-004
 2.0346188E+001, 1.3222176E+002,-1.8690523E+001,-9.9705147E+001,-7.3580198E-002, 0.0000000E+000, 0.0000000E+000,-8.2488312E+000, 2.5773312E+000, 5.5036758E+000,-8.5036816E-004, 7.3608253E-003, 9.6422499E-004, 8.9587716E-004
 2.0531797E+001, 1.2789472E+002,-1.7210645E+001,-1.0851615E+002,-6.9785113E-002, 0.0000000E+000, 0.0000000E+000,-7.6393368E+000,-5.9737764E+000,-5.5411988E+000,-9.0811876E-004, 7.4454778E-003, 1.0297079E-003, 9.6569358E-004
 2.0704149E+001, 1.2201984E+002,-1.4194340E+001,-1.3366050E+002,-6.7285890E-002, 0.0000000E+000, 0.0000000E+000,-6.2948593E+000,-3.4360512E+001,-3.2197148E+001,-5.9488066E-004, 7.2448917E-003, 6.7452995E-004, 9.1938670E-004
 2.0889759E+001, 1.2355022E+002,-1.4946529E+001,-1.1656096E+002,-6.5572956E-002, 0.0000000E+000, 0.0000000E+000,-7.2199686E+000,-1.7799400E+001,-1.5242814E+001,-6.7449653E-004, 6.7401668E-003, 7.6480569E-004, 8.0655982E-004
 2.1062113E+001, 1.1219531E+002,-1.1781687E+001,-1.0212828E+002,-6.4071055E-002, 0.0000000E+000, 0.0000000E+000,-6.0833990E+000,-8.8992304E+000,-7.8621222E+000,-5.9449059E-004, 6.5992856E-003, 6.7408766E-004, 7.2181853E-004
 2.1249899E+001, 1.0851893E+002,-1.3389922E+001,-1.0814932E+002,-6.2822610E-002, 0.0000000E+000, 0.0000000E+000,-4.3947319E+000,-1.8872529E+001,-1.7477863E+001,-4.7643154E-004, 6.2444163E-003, 5.4022153E-004, 6.3203383E-004
 2.1431555E+001, 1.0793959E+002,-1.4055807E+001,-1.2715317E+002,-6.6328693E-002, 0.0000000E+000, 0.0000000E+000,-4.2165355E+000,-3.7714893E+001,-3.7552257E+001,-4.6783091E-004, 5.8578621E-003, 5.3046936E-004, 5.5954843E-004
 2.1600235E+001, 1.0392004E+002,-1.3046608E+001,-1.2534779E+002,-7.2499770E-002, 0.0000000E+000, 0.0000000E+000,-4.9923540E+000,-4.0960929E+001,-3.9539209E+001,-2.9122129E-004, 5.7023861E-003, 3.3021326E-004, 5.3257657E-004
 2.1785786E+001, 1.0586026E+002,-1.3176495E+001,-1.1894324E+002,-5.8936558E-002, 0.0000000E+000, 0.0000000E+000,-7.8231058E+000,-3.5288424E+001,-3.4141516E+001,-2.3267596E-004, 5.6560544E-003, 2.6382923E-004, 5.5600173E-004
 2.1971334E+001, 9.9320857E+001,-1.0529832E+001,-9.9991026E+001,-5.8059684E-002, 0.0000000E+000, 0.0000000E+000,-7.6399254E+000,-2.0433204E+001,-1.8897985E+001,-3.9452602E-004, 5.7410924E-003, 4.4734959E-004, 6.3746208E-004
 2.2142611E+001, 9.0573203E+001,-8.9796595E+000,-1.0034139E+002,-5.7553776E-002, 0.0000000E+000, 0.0000000E+000,-5.2313027E+000,-2.4420267E+001,-2.4036700E+001,-4.0855864E-004, 5.6090005E-003, 4.6326106E-004, 7.0763031E-004
 2.2328159E+001, 9.6453623E+001,-1.2753789E+001,-1.2299032E+002,-5.6284034E-002, 0.0000000E+000, 0.0000000E+000,-3.7019702E+000,-4.4728868E+001,-4.3048744E+001,-2.7881982E-004, 5.4575407E-003, 3.1615135E-004, 7.0940673E-004
 2.2513708E+001, 1.0742364E+002,-1.7029071E+001,-1.0863961E+002,-5.5276553E-002, 0.0000000E+000, 0.0000000E+000,-6.1768021E+000,-2.5349049E+001,-2.4477118E+001,-2.0863649E-004, 5.7089929E-003, 2.3657109E-004, 6.8029705E-004
 2.2687838E+001, 1.0181469E+002,-1.2326455E+001,-1.0635907E+002,-5.4713011E-002, 0.0000000E+000, 0.0000000E+000,-6.7449842E+000,-2.5651209E+001,-2.3670529E+001,-3.1910627E-004, 6.0584795E-003, 3.6183180E-004, 7.4216412E-004
 2.2860542E+001, 9.7325403E+001,-1.1581578E+001,-9.3885338E+001,-5.4213718E-002, 0.0000000E+000, 0.0000000E+000,-5.9390963E+000,-1.5659767E+001,-1.4134822E+001,-4.1197108E-004, 5.3158666E-003, 4.6713039E-004, 7.9360787E-004
 2.3048944E+001, 8.3191233E+001,-8.8752942E+000,-8.4850955E+001,-5.4052544E-002, 0.0000000E+000, 0.0000000E+000,-6.2163633E+000,-1.6246394E+001,-1.6805432E+001,-3.5271121E-004, 4.6053435E-003, 3.9993615E-004, 8.1204365E-004
 2.3221649E+001, 8.0163348E+001,-8.9990351E+000,-1.0059488E+002,-5.3416349E-002, 0.0000000E+000, 0.0000000E+000,-5.1580161E+000,-3.5633071E+001,-3.4641995E+001,-2.9230386E-004, 4.6315971E-003, 3.3144078E-004, 7.4846189E-004
 2.3410051E+001, 7.8472981E+001,-9.3661478E+000,-9.3677736E+001,-5.2475401E-002, 0.0000000E+000, 0.0000000E+000,-4.3025335E+000,-3.0469873E+001,-2.8925911E+001,-3.8928567E-004, 4.9600909E-003, 4.4140760E-004, 6.2002384E-004
 2.3582756E+001, 8.4138701E+001,-1.2091486E+001,-9.0891496E+001,-5.1657466E-002, 0.0000000E+000, 0.0000000E+000,-3.3226505E+000,-2.4500596E+001,-2.2218589E+001,-3.6365261E-004, 5.0034267E-003, 4.1234250E-004, 5.1486593E-004
 2.3771158E+001, 8.8053269E+001,-1.3610668E+001,-7.7761463E+001,-5.0770937E-002, 0.0000000E+000, 0.0000000E+000,-3.6160353E+000,-8.9517378E+000,-6.9856683E+000,-2.8397051E-004, 5.0477177E-003, 3.2199167E-004, 4.5847310E-004
 2.3942160E+001, 7.8094085E+001,-9.4917577E+000,-9.1033812E+001,-5.0086184E-002, 0.0000000E+000, 0.0000000E+000,-4.7110771E+000,-2.6062984E+001,-2.7192648E+001,-3.1043667E-004, 4.8806184E-003, 3.5200141E-004, 4.6666860E-004
 2.4124121E+001, 8.2613266E+001,-1.1529056E+001,-1.1194763E+002,-4.9047822E-002, 0.0000000E+000, 0.0000000E+000,-3.3333948E+000,-4.5994735E+001,-4.4245867E+001,-4.1401699E-004, 4.5536092E-003, 4.6945022E-004, 5.3362325E-004
 2.4307480E+001, 8.1137177E+001,-1.0936745E+001,-1.0980739E+002,-4.8048002E-002, 0.0000000E+000, 0.0000000E+000,-4.2586408E+000,-4.4951639E+001,-4.3913643E+001,-3.6221719E-004, 4.2615466E-003, 4.1071489E-004, 6.1724233E-004
 2.4492241E+001, 7.3430173E+001,-7.9849578E+000,-8.8796174E+001,-4.7504869E-002, 0.0000000E+000, 0.0000000E+000,-4.8158133E+000,-3.0444331E+001,-2.8214277E+001,-3.6239046E-004, 3.9908786E-003, 4.1091136E-004, 7.4209534E-004
 2.4661604E+001, 7.0601914E+001,-8.0152906E+000,-7.2216566E+001,-4.7129760E-002, 0.0000000E+000, 0.0000000E+000,-4.0883352E+000,-1.4922667E+001,-1.3765407E+001,-4.3865866E-004, 3.8460851E-003, 4.9739120E-004, 7.8951785E-004
 2.4846365E+001, 6.9263039E+001,-8.1788033E+000,-7.1277683E+001,-4.6816131E-002, 0.0000000E+000, 0.0000000E+000,-3.7458309E+000,-1.4709861E+001,-1.3986094E+001,-5.2522391E-004, 3.8247298E-003, 5.9554677E-004, 7.6660992E-004
 2.5031124E+001, 6.4047234E+001,-6.9711494E+000,-8.4166599E+001,-4.6155828E-002, 0.0000000E+000, 0.0000000E+000,-3.1861525E+000,-3.2298944E+001,-3.0322822E+001,-5.4368253E-004, 4.0971911E-003, 6.1647685E-004, 7.1145287E-004
 2.5200489E+001, 7.2126429E+001,-1.1617581E+001,-6.9226333E+001,-4.5370867E-002, 0.0000000E+000, 0.0000000E+000,-3.5129401E+000,-1.5027231E+001,-1.2275796E+001,-3.9583203E-004, 4.6003585E-003, 4.4883046E-004, 6.4059559E-004
 2.5385248E+001, 8.0926264E+001,-1.3484298E+001,-7.4237152E+001,-4.4858241E-002, 0.0000000E+000, 0.0000000E+000,-4.4945489E+000,-1.2069364E+001,-1.1334594E+001,-3.2289604E-004, 5.3788304E-003, 3.6612899E-004, 5.3364416E-004
 2.5570009E+001, 9.2489414E+001,-1.6012595E+001,-8.8320177E+001,-4.4380481E-002, 0.0000000E+000, 0.0000000E+000,-5.5431070E+000,-1.9513945E+001,-1.7430846E+001,-3.4908121E-004, 5.9958829E-003, 3.9582012E-004, 4.1787759E-004
 2.5754770E+001, 9.3866861E+001,-1.4954805E+001,-9.3904081E+001,-4.3837826E-002, 0.0000000E+000, 0.0000000E+000,-7.4699721E+000,-2.2890433E+001,-2.2505835E+001,-4.0875478E-004, 5.8039734E-003, 4.6348345E-004, 3.7570218E-004
 2.5930851E+001, 8.9232967E+001,-1.2643612E+001,-9.5124611E+001,-4.3695226E-002, 0.0000000E+000, 0.0000000E+000,-6.6251845E+000,-2.7188779E+001,-2.5204136E+001,-4.2784818E-004, 5.3641385E-003, 4.8513329E-004, 3.7242768E-004
 2.6108442E+001, 9.7231710E+001,-1.5399257E+001,-9.4243800E+001,-4.3459189E-002, 0.0000000E+000, 0.0000000E+000,-4.7341001E+000,-1.9453225E+001,-1.7188907E+001,-5.0746919E-004, 4.8107318E-003, 5.7541485E-004, 3.5991846E-004
 2.6284472E+001, 9.3557464E+001,-1.3215891E+001,-8.2166488E+001,-4.3490715E-002, 0.0000000E+000, 0.0000000E+000,-2.5773739E+000,-6.5452617E+000,-4.4457799E+000,-6.5132364E-004, 3.9750001E-003, 7.3853015E-004, 3.4109718E-004
 2.6467184E+001, 7.4670812E+001,-6.5706880E+000,-7.9432874E+001,-4.3694319E-002, 0.0000000E+000, 0.0000000E+000,-9.3880963E-001,-1.3378930E+001,-1.2315254E+001,-9.2178791E-004, 3.1108662E-003, 1.0452072E-003, 3.4556112E-004
 2.6640217E+001, 5.6538003E+001,-2.8836871E+000,-7.8315643E+001,-4.3732533E-002, 0.0000000E+000, 0.0000000E+000, 5.6189509E-001,-2.5519675E+001,-2.4143165E+001,-7.4668885E-004, 2.3088516E-003, 8.4666393E-004, 3.7138162E-004
 2.6826557E+001, 5.0203508E+001,-3.8941976E+000,-8.3857807E+001,-4.3394573E-002, 0.0000000E+000, 0.0000000E+000, 1.7878792E+000,-3.6683997E+001,-3.5804012E+001,-6.4704308E-004, 1.5411201E-003, 7.3367646E-004, 3.7532814E-004
 2.7011570E+001, 3.0775242E+001, 1.6037534E-001,-8.7593300E+001,-4.2787353E-002, 0.0000000E+000, 0.0000000E+000, 4.0294731E+000,-5.3111460E+001,-5.2670997E+001,-6.4849177E-004, 7.6285310E-004, 7.3531912E-004, 3.6732522E-004
 2.7187263E+001, 1.4507593E+001, 2.7611817E+000,-1.0111293E+002,-4.1919782E-002, 0.0000000E+000, 0.0000000E+000, 6.0816728E+000,-7.7970639E+001,-7.7804397E+001,-4.9263365E-004, 3.6166713E-004, 5.5859296E-004, 3.4915720E-004
 2.7364422E+001, 7.3324291E+000, 2.2868660E+000,-9.1670551E+001,-4.0885068E-002, 0.0000000E+000, 0.0000000E+000, 6.5383965E+000,-7.6514619E+001,-7.5553745E+001,-2.1908093E-004, 2.7325229E-004, 2.4841394E-004, 3.2646259E-004
 2.7552853E+001, 5.0264952E+000, 8.4712740E-001,-8.5677300E+001,-3.9816333E-002, 0.0000000E+000, 0.0000000E+000, 6.1186405E+000,-7.4834613E+001,-7.3724853E+001,-5.1013683E-005, 2.4351782E-004, 5.7843966E-005, 3.0459941E-004
 2.7730011E+001, 4.2386784E+000,-2.5072459E-002,-7.5134365E+001,-3.8714312E-002, 0.0000000E+000, 0.0000000E+000, 5.5570155E+000,-6.6069721E+001,-6.5402457E+001,-1.3006246E-005, 2.2612884E-004, 1.4747668E-005, 2.8582983E-004
 2.7907169E+001, 3.9022174E+000,-5.2501908E-001,-6.7451797E+001,-3.7677197E-002, 0.0000000E+000, 0.0000000E+000, 5.0486267E+000,-6.0134102E+001,-5.9063649E+001,-4.8607602E-006, 2.1714230E-004, 5.5115733E-006, 2.6956287E-004
 2.8084328E+001, 3.7441784E+000,-7.7847754E-001,-5.8349093E+001,-3.6607227E-002, 0.0000000E+000, 0.0000000E+000, 4.5696561E+000,-5.1596331E+001,-5.0850344E+001,-2.4825165E-006, 2.1444847E-004, 2.8149036E-006, 2.5543681E-004
 2.8268572E+001, 3.6886192E+000,-8.9931561E-001,-6.3825731E+001,-3.5630317E-002, 0.0000000E+000, 0.0000000E+000, 4.1055775E+000,-5.6613535E+001,-5.6966480E+001,-1.6701237E-006, 2.1657852E-004, 1.8937386E-006, 2.4333885E-004
 2.8443958E+001, 3.7364016E+000,-9.3341616E-001,-8.2754274E+001,-3.4505408E-002, 0.0000000E+000, 0.0000000E+000, 3.6826137E+000,-7.6527522E+001,-7.6303180E+001,-1.3833845E-006, 2.2410187E-004, 1.5686075E-006, 2.3421430E-004
 2.8627138E+001, 3.8840040E+000,-9.3591510E-001,-7.8252181E+001,-3.3489778E-002, 0.0000000E+000, 0.0000000E+000, 3.2967878E+000,-7.3261224E+001,-7.2040794E+001,-1.3121352E-006, 2.3760596E-004, 1.4878185E-006, 2.2753044E-004
 2.8800772E+001, 4.1211310E+000,-9.8994499E-001,-6.1929454E+001,-3.2642554E-002, 0.0000000E+000, 0.0000000E+000, 2.9131390E+000,-5.7395313E+001,-5.5917771E+001,-1.3567598E-006, 2.5678122E-004, 1.5384180E-006, 2.2251889E-004
 2.8989410E+001, 4.4787917E+000,-1.0505309E+000,-5.0079154E+001,-3.1856604E-002, 0.0000000E+000, 0.0000000E+000, 2.5300782E+000,-4.5350070E+001,-4.4152672E+001,-1.4736414E-006, 2.8500883E-004, 1.6709490E-006, 2.1984971E-004
 2.9168852E+001, 5.0121811E+000,-1.1690095E+000,-4.1494897E+001,-3.1085821E-002, 0.0000000E+000, 0.0000000E+000, 2.1723723E+000,-3.6572805E+001,-3.5510439E+001,-1.6524959E-006, 3.2708681E-004, 1.8737506E-006, 2.1984564E-004
 2.9340040E+001, 5.7444198E+000,-1.3261801E+000,-3.7192212E+001,-3.0451926E-002, 0.0000000E+000, 0.0000000E+000, 1.7735095E+000,-3.1829727E+001,-3.1030915E+001,-1.8874664E-006, 3.8623178E-004, 2.1401815E-006, 2.2226590E-004
 2.9539761E+001, 7.0159073E+000,-1.6205332E+000,-3.4756703E+001,-2.9815786E-002, 0.0000000E+000, 0.0000000E+000, 1.1861660E+000,-2.9104632E+001,-2.8204978E+001,-2.1813393E-006, 4.9229890E-004, 2.4734015E-006, 2.2943775E-004
 2.9710949E+001, 8.6638617E+000,-2.0996314E+000,-3.2536377E+001,-2.9230383E-002, 0.0000000E+000, 0.0000000E+000, 3.8664373E-001,-2.5839467E+001,-2.5614734E+001,-2.8087395E-006, 6.8464036E-004, 3.1848050E-006, 2.4293935E-004
 2.9882137E+001, 1.2620198E+001,-3.1031452E+000,-3.1418445E+001,-2.8652627E-002, 0.0000000E+000, 0.0000000E+000,-3.6090409E-001,-2.3103738E+001,-2.2290950E+001,-4.4471953E-006, 9.2831323E-004, 5.0426357E-006, 2.5117033E-004
 3.0081858E+001, 1.5654294E+001,-3.6558033E+000,-3.1524155E+001,-2.8082739E-002, 0.0000000E+000, 0.0000000E+000,-8.9418064E-001,-2.1831843E+001,-2.0447928E+001,-7.4969859E-006, 1.3297052E-003, 8.5007665E-006, 2.5558299E-004
 3.0253048E+001, 1.8967148E+001,-3.3134650E+000,-3.2429304E+001,-2.7542737E-002, 0.0000000E+000, 0.0000000E+000,-1.9042299E+000,-2.0087751E+001,-1.8707394E+001,-9.7935126E-006, 1.6983163E-003, 1.1104778E-005, 2.4440547E-004
 3.0424236E+001, 2.7830099E+001,-4.8064442E+000,-3.1897670E+001,-2.7141709E-002, 0.0000000E+000, 0.0000000E+000,-2.8417675E+000,-1.3881158E+001,-1.1742924E+001,-1.3925995E-005, 2.2757495E-003, 1.5790564E-005, 2.4527759E-004
 3.0623957E+001, 3.7182627E+001,-8.1576517E+000,-3.1462591E+001,-2.6735708E-002, 0.0000000E+000, 0.0000000E+000,-3.2657312E+000,-7.2056541E+000,-5.7300823E+000,-2.0083598E-005, 2.9600800E-003, 2.2772615E-005, 2.2127315E-004
 3.0801973E+001, 4.6746156E+001,-1.1050183E+001,-2.8375884E+001,-2.6423870E-002, 0.0000000E+000, 0.0000000E+000,-3.2557052E+000, 2.9007117E+000, 4.0379597E+000,-2.7004022E-005, 3.1841373E-003, 3.0619624E-005, 1.7252581E-004
 3.0979563E+001, 4.8208313E+001,-9.8168749E+000,-2.5794851E+001,-2.6297326E-002, 0.0000000E+000, 0.0000000E+000,-3.8977353E+000, 7.4558778E+000, 8.6725544E+000,-3.4898528E-005, 3.1900834E-003, 3.9571134E-005, 1.6162583E-004
 3.1154924E+001, 4.9819592E+001,-9.1168922E+000,-2.4823389E+001,-2.6321595E-002, 0.0000000E+000, 0.0000000E+000,-2.9378471E+000, 1.1821166E+001, 1.2915143E+001,-4.2669002E-005, 2.9827375E-003, 4.8382007E-005, 1.8815487E-004
 3.1334671E+001, 5.0458848E+001,-8.7749641E+000,-2.5070160E+001,-2.6426840E-002, 0.0000000E+000, 0.0000000E+000,-2.7107582E+000, 1.3127499E+001, 1.3876539E+001,-5.2054445E-005, 2.6455166E-003, 5.9024078E-005, 2.3240975E-004
 3.1514418E+001, 4.9817528E+001,-7.8235516E+000,-2.5373544E+001,-2.6569177E-002, 0.0000000E+000, 0.0000000E+000,-2.6050126E+000, 1.3280111E+001, 1.3988850E+001,-5.7611367E-005, 2.4400882E-003, 6.5325023E-005, 2.7374266E-004
 3.1694162E+001, 4.4310543E+001,-5.6632491E+000,-2.4657275E+001,-2.6817265E-002, 0.0000000E+000, 0.0000000E+000,-2.2187536E+000, 1.1344319E+001, 1.1744448E+001,-6.8201260E-005, 2.2044102E-003, 7.7332810E-005, 3.0328645E-004
 3.1873909E+001, 3.9075708E+001,-4.5904065E+000,-2.4245942E+001,-2.7019798E-002, 0.0000000E+000, 0.0000000E+000,-1.5678277E+000, 8.4596873E+000, 8.6445125E+000,-7.9478980E-005, 1.7387620E-003, 9.0120517E-005, 3.1983914E-004
 3.2055973E+001, 3.3962812E+001,-3.3907288E+000,-2.3362019E+001,-2.7118267E-002, 0.0000000E+000, 0.0000000E+000,-1.7745443E+000, 4.7574213E+000, 5.4084021E+000,-1.0132899E-004, 1.5043397E-003, 1.1489606E-004, 3.2906022E-004
 3.2233627E+001, 3.0368056E+001,-2.7289544E+000,-2.2594377E+001,-2.7167520E-002, 0.0000000E+000, 0.0000000E+000,-1.3540015E+000, 3.2508491E+000, 3.6635552E+000,-1.3496323E-004, 1.5513912E-003, 1.5303362E-004, 3.3550641E-004
 3.2418385E+001, 2.9049059E+001,-3.0978839E+000,-2.2504870E+001,-2.7061411E-002, 0.0000000E+000, 0.0000000E+000,-1.0753999E+000, 1.5423078E+000, 2.3438431E+000,-1.5335504E-004, 1.5447301E-003, 1.7388793E-004, 3.0456301E-004
 3.2594261E+001, 2.8213820E+001,-3.2941885E+000,-2.4913715E+001,-2.7001621E-002, 0.0000000E+000, 0.0000000E+000,-7.0510872E-001,-1.0757770E+000,-7.2619442E-001,-2.0418321E-004, 1.5441005E-003, 2.3152155E-004, 2.5153013E-004
 3.2770134E+001, 2.4893499E+001,-2.6254874E+000,-3.5855520E+001,-2.6831527E-002, 0.0000000E+000, 0.0000000E+000, 3.6947929E-001,-1.4012102E+001,-1.3244861E+001,-2.5778445E-004, 1.5861086E-003, 2.9229952E-004, 1.8682315E-004
 3.2946011E+001, 2.5609792E+001,-3.3576613E+000,-3.4860771E+001,-2.6602336E-002, 0.0000000E+000, 0.0000000E+000, 5.6751807E-001,-1.2766264E+001,-1.2067724E+001,-2.0237949E-004, 1.6630259E-003, 2.2947633E-004, 1.3349200E-004
 3.3121887E+001, 2.7635343E+001,-3.7985325E+000,-3.2684251E+001,-2.6357511E-002, 0.0000000E+000, 0.0000000E+000, 6.0525877E-001,-9.6141927E+000,-8.2685385E+000,-1.3814758E-004, 1.6986729E-003, 1.5664433E-004, 9.9506165E-005
 3.3309486E+001, 2.9598194E+001,-4.7724440E+000,-3.3742423E+001,-2.6120165E-002, 0.0000000E+000, 0.0000000E+000, 4.3152158E-001,-9.0056084E+000,-8.5112711E+000,-1.0748477E-004, 1.6463198E-003, 1.2187603E-004, 8.0799511E-005
 3.3481453E+001, 3.0135859E+001,-4.9885172E+000,-3.9994618E+001,-2.5810633E-002, 0.0000000E+000, 0.0000000E+000, 1.4979318E-001,-1.5145174E+001,-1.4723294E+001,-7.3309598E-005, 1.6417349E-003, 8.3125109E-005, 7.2513815E-005
 3.3674915E+001, 2.9012854E+001,-3.9368728E+000,-4.3843070E+001,-2.5557030E-002, 0.0000000E+000, 0.0000000E+000, 9.7817538E-002,-1.9385597E+001,-1.8694828E+001,-4.8686906E-005, 1.5931225E-003, 5.5205654E-005, 6.8904429E-005
 3.3846882E+001, 2.8922662E+001,-3.9510582E+000,-4.4153265E+001,-2.5389131E-002, 0.0000000E+000, 0.0000000E+000,-7.5667958E-001,-2.0063693E+001,-1.9963730E+001,-4.3442353E-005, 1.2646562E-003, 4.9258903E-005, 6.8636951E-005
 3.4040344E+001, 2.1091631E+001,-1.4503491E+000,-4.2725072E+001,-2.5214451E-002, 0.0000000E+000, 0.0000000E+000, 4.3916530E-001,-2.3137847E+001,-2.2669839E+001,-5.1061167E-005, 9.7625349E-004, 5.7897808E-005, 6.9184589E-005
 3.4210064E+001, 1.7649787E+001,-1.3415841E+000,-4.0485490E+001,-2.4980944E-002, 0.0000000E+000, 0.0000000E+000, 1.1683514E+000,-2.3501363E+001,-2.3033916E+001,-7.0570612E-005, 5.9518694E-004, 8.0019397E-005, 6.7999855E-005
 3.4383297E+001, 1.0177782E+001, 5.6472913E-001,-3.5686748E+001,-2.4749302E-002, 0.0000000E+000, 0.0000000E+000, 2.0061756E+000,-2.3376728E+001,-2.2962812E+001,-8.9335877E-005, 2.6769650E-004, 1.0129717E-004, 6.6741783E-005
 3.4564228E+001, 4.3890107E+000, 1.3617304E+000,-3.1391322E+001,-2.4497972E-002, 0.0000000E+000, 0.0000000E+000, 2.8774120E+000,-2.3159397E+001,-2.2787667E+001,-6.5209227E-005, 7.5741546E-005, 7.3940170E-005, 6.5391936E-005
 3.4748436E+001, 1.4930838E+000, 1.1140784E+000,-3.2180509E+001,-2.4072245E-002, 0.0000000E+000, 0.0000000E+000, 3.1126611E+000,-2.6601862E+001,-2.6484758E+001,-1.5520220E-005, 1.8248204E-005, 1.7598241E-005, 6.3829814E-005
 3.4934757E+001, 4.9591685E-001, 6.3071318E-001,-3.5874340E+001,-2.3672382E-002, 0.0000000E+000, 0.0000000E+000, 2.8958102E+000,-3.2030333E+001,-3.1875572E+001,-1.6588167E-006, 8.3398830E-006, 1.8809177E-006, 6.2321794E-005
 3.5121078E+001, 2.1471068E-001, 1.6838880E-001,-3.6003930E+001,-2.3203314E-002, 0.0000000E+000, 0.0000000E+000, 2.6205317E+000,-3.3578840E+001,-3.3023502E+001,-2.4859014E-007, 6.4078605E-006, 2.8187417E-007, 6.0970510E-005
 3.5284107E+001, 1.3296873E-001,-5.8594040E-002,-3.3350698E+001,-2.2827797E-002, 0.0000000E+000, 0.0000000E+000, 2.3967950E+000,-3.1422698E+001,-3.0902356E+001,-6.7878553E-008, 5.5565711E-006, 7.6966894E-008, 5.9871887E-005
 3.5470432E+001, 1.0228120E-001,-2.1994886E-001,-3.2933251E+001,-2.2375498E-002, 0.0000000E+000, 0.0000000E+000, 2.2069629E+000,-3.1244129E+001,-3.0866332E+001,-2.7060837E-008, 4.9849338E-006, 3.0684046E-008, 5.8936611E-005
 3.5656754E+001, 8.6748392E-002,-2.9386810E-001,-3.4838951E+001,-2.1975213E-002, 0.0000000E+000, 0.0000000E+000, 2.0357199E+000,-3.3339237E+001,-3.3032326E+001,-1.3303973E-008, 4.5585150E-006, 1.5085259E-008, 5.8098115E-005
 3.5826771E+001, 7.8272820E-002,-3.2206340E-001,-3.6241336E+001,-2.1629335E-002, 0.0000000E+000, 0.0000000E+000, 1.8883920E+000,-3.5090573E+001,-3.4618364E+001,-8.3918426E-009, 4.2839564E-006, 9.5154365E-009, 5.7431909E-005
 3.6011230E+001, 7.3096575E-002,-3.2628726E-001,-3.3887386E+001,-2.1259355E-002, 0.0000000E+000, 0.0000000E+000, 1.7556963E+000,-3.3236194E+001,-3.2406140E+001,-6.2622388E-009, 4.1010280E-006, 7.1006975E-009, 5.6876406E-005
 3.6180317E+001, 6.9878636E-002,-3.2131063E-001,-2.9646870E+001,-2.0933759E-002, 0.0000000E+000, 0.0000000E+000, 1.6343305E+000,-2.9051788E+001,-2.8284905E+001,-5.2023876E-009, 3.9742083E-006, 5.8989416E-009, 5.6399342E-005
 3.6377583E+001, 6.7822015E-002,-3.1390234E-001,-2.6050296E+001,-2.0630534E-002, 0.0000000E+000, 0.0000000E+000, 1.5298042E+000,-2.5452865E+001,-2.4787202E+001,-4.6198138E-009, 3.8790680E-006, 5.2383663E-009, 5.5965467E-005
 3.6546673E+001, 6.6217955E-002,-3.0854117E-001,-2.4049930E+001,-2.0321810E-002, 0.0000000E+000, 0.0000000E+000, 1.4435402E+000,-2.3434522E+001,-2.2869034E+001,-4.2659515E-009, 3.8051708E-006, 4.8371249E-009, 5.5577796E-005
 3.6743938E+001, 6.4965239E-002,-3.0163868E-001,-2.2930046E+001,-2.0089941E-002, 0.0000000E+000, 0.0000000E+000, 1.3693248E+000,-2.2320202E+001,-2.1817485E+001,-4.0298898E-009, 3.7454941E-006, 4.5694566E-009, 5.5228599E-005
 3.6921482E+001, 6.3657473E-002,-2.9542937E-001,-2.2754269E+001,-1.9881977E-002, 0.0000000E+000, 0.0000000E+000, 1.3039739E+000,-2.2162278E+001,-2.1701949E+001,-3.8534088E-009, 3.6939500E-006, 4.3693464E-009, 5.4902771E-005
 3.7107475E+001, 6.2873974E-002,-2.8674991E-001,-2.2975498E+001,-1.9600466E-002, 0.0000000E+000, 0.0000000E+000, 1.2470387E+000,-2.2384326E+001,-2.1971936E+001,-3.7224021E-009, 3.6506014E-006, 4.2207991E-009, 5.4611301E-005
 3.7271770E+001, 6.1975678E-002,-2.7840772E-001,-2.1395533E+001,-1.9331061E-002, 0.0000000E+000, 0.0000000E+000, 1.1997994E+000,-2.1171586E+001,-2.0431496E+001,-3.6210105E-009, 3.6135383E-006, 4.1058320E-009, 5.4349531E-005
 3.7442268E+001, 6.1529595E-002,-2.7087259E-001,-1.8462662E+001,-1.9111918E-002, 0.0000000E+000, 0.0000000E+000, 1.1571436E+000,-1.8197193E+001,-1.7533973E+001,-3.5405110E-009, 3.5815743E-006, 4.0145543E-009, 5.4113830E-005
 3.7629814E+001, 6.0667816E-002,-2.6493131E-001,-1.6310403E+001,-1.8919231E-002, 0.0000000E+000, 0.0000000E+000, 1.1162984E+000,-1.6030275E+001,-1.5417287E+001,-3.4681419E-009, 3.5506966E-006, 3.9324956E-009, 5.3877318E-005
 3.7817360E+001, 6.0490709E-002,-2.5884878E-001,-1.5114835E+001,-1.8663433E-002, 0.0000000E+000, 0.0000000E+000, 1.0748714E+000,-1.4754329E+001,-1.4256985E+001,-3.4020658E-009, 3.5209142E-006, 3.8575725E-009, 5.3641056E-005
 3.8019909E+001, 5.9652490E-002,-2.5274788E-001,-1.4384831E+001,-1.8424375E-002, 0.0000000E+000, 0.0000000E+000, 1.0368570E+000,-1.4062974E+001,-1.3559494E+001,-3.3429421E-009, 3.4927893E-006, 3.7905327E-009, 5.3410755E-005
 3.8184948E+001, 5.9485870E-002,-2.4783786E-001,-1.3586573E+001,-1.8260050E-002, 0.0000000E+000, 0.0000000E+000, 1.0020657E+000,-1.3266531E+001,-1.2791120E+001,-3.2931493E-009, 3.4681212E-006, 3.7340731E-009, 5.3203510E-005
 3.8349987E+001, 5.9225736E-002,-2.4266019E-001,-1.3222045E+001,-1.8118530E-002, 0.0000000E+000, 0.0000000E+000, 9.7227057E-001,-1.2869816E+001,-1.2451328E+001,-3.2527838E-009, 3.4474170E-006, 3.6883030E-009, 5.3025860E-005
 3.8556290E+001, 5.8867741E-002,-2.3847073E-001,-1.3064771E+001,-1.7962529E-002, 0.0000000E+000, 0.0000000E+000, 9.4114691E-001,-1.2724095E+001,-1.2321190E+001,-3.2113425E-009, 3.4255777E-006, 3.6413131E-009, 5.2834980E-005
 3.8721329E+001, 5.8507055E-002,-2.3355606E-001,-1.3055878E+001,-1.7701453E-002, 0.0000000E+000, 0.0000000E+000, 9.1077840E-001,-1.2780851E+001,-1.2337850E+001,-3.1732157E-009, 3.4050342E-006, 3.5980814E-009, 5.2652446E-005
 3.8886368E+001, 5.8198879E-002,-2.2896219E-001,-1.2801341E+001,-1.7537682E-002, 0.0000000E+000, 0.0000000E+000, 8.8530515E-001,-1.2546299E+001,-1.2104337E+001,-3.1418661E-009, 3.3878142E-006, 3.5625344E-009, 5.2497155E-005
 3.9100922E+001, 5.7573774E-002,-2.2512469E-001,-1.2605574E+001,-1.7429572E-002, 0.0000000E+000, 0.0000000E+000, 8.5873388E-001,-1.2369926E+001,-1.1931821E+001,-3.1085386E-009, 3.3691675E-006, 3.5247446E-009, 5.2326746E-005
 3.9282463E+001, 5.7257788E-002,-2.1910371E-001,-1.2232236E+001,-1.7175689E-002, 0.0000000E+000, 0.0000000E+000, 8.3247271E-001,-1.2042833E+001,-1.1578785E+001,-3.0763175E-009, 3.3507614E-006, 3.4882094E-009, 5.2156468E-005
 3.9464008E+001, 5.7170130E-002,-2.1462691E-001,-1.1694970E+001,-1.6954639E-002, 0.0000000E+000, 0.0000000E+000, 8.0892154E-001,-1.1537839E+001,-1.1060460E+001,-3.0483897E-009, 3.3346634E-006, 3.4565423E-009, 5.2005833E-005
 3.9609245E+001, 5.6477943E-002,-2.1007513E-001,-1.0985026E+001,-1.6811204E-002, 0.0000000E+000, 0.0000000E+000, 7.9030713E-001,-1.0880244E+001,-1.0365127E+001,-3.0250538E-009, 3.3209365E-006, 3.4300820E-009, 5.1876206E-005
 3.9808941E+001, 5.6477848E-002,-2.0586458E-001,-1.0068187E+001,-1.6801312E-002, 0.0000000E+000, 0.0000000E+000, 7.7056417E-001,-9.9827767E+000,-9.4638106E+000,-3.0014428E-009, 3.3069927E-006, 3.4033097E-009, 5.1743376E-005
 4.0008640E+001, 5.6411829E-002,-2.0155744E-001,-9.1958085E+000,-1.6706204E-002, 0.0000000E+000, 0.0000000E+000, 7.4867797E-001,-9.0865094E+000,-8.6089824E+000,-2.9753237E-009, 3.2914661E-006, 3.3736934E-009, 5.1594231E-005
 4.0158417E+001, 5.6229713E-002,-1.9837119E-001,-8.6947186E+000,-1.6687554E-002, 0.0000000E+000, 0.0000000E+000, 7.3036526E-001,-8.5858729E+000,-8.1231823E+000,-2.9537357E-009, 3.2784312E-006, 3.3492149E-009, 5.1468043E-005
 4.0358112E+001, 5.6021436E-002,-1.9592426E-001,-8.2303032E+000,-1.6667036E-002, 0.0000000E+000, 0.0000000E+000, 7.1320623E-001,-8.1347480E+000,-7.6736668E+000,-2.9331709E-009, 3.2659081E-006, 3.3258967E-009, 5.1345924E-005
 4.0507889E+001, 5.5811605E-002,-1.9317299E-001,-7.7907937E+000,-1.6589957E-002, 0.0000000E+000, 0.0000000E+000, 6.9680863E-001,-7.6953951E+000,-7.2479364E+000,-2.9134152E-009, 3.2538162E-006, 3.3034959E-009, 5.1227271E-005
 4.0707584E+001, 5.5606370E-002,-1.9089922E-001,-7.5061189E+000,-1.6496700E-002, 0.0000000E+000, 0.0000000E+000, 6.8111286E-001,-7.3821331E+000,-6.9767956E+000,-2.8943864E-009, 3.2421560E-006, 3.2819193E-009, 5.1112122E-005
 4.0872337E+001, 5.4752830E-002,-1.8816437E-001,-7.5274089E+000,-1.6414680E-002, 0.0000000E+000, 0.0000000E+000, 6.6695206E-001,-7.3478437E+000,-7.0102831E+000,-2.8760589E-009, 3.2305485E-006, 3.2611379E-009, 5.0996849E-005
 4.1092007E+001, 5.5015595E-002,-1.8424035E-001,-7.7781979E+000,-1.6352642E-002, 0.0000000E+000, 0.0000000E+000, 6.5005556E-001,-7.6084539E+000,-7.2737197E+000,-2.8569710E-009, 3.2185918E-006, 3.2394943E-009, 5.0877376E-005
 4.1256756E+001, 5.4944155E-002,-1.8108644E-001,-7.7606636E+000,-1.6308474E-002, 0.0000000E+000, 0.0000000E+000, 6.3383215E-001,-7.6551634E+000,-7.2692822E+000,-2.8386412E-009, 3.2070362E-006, 3.2187103E-009, 5.0761280E-005
 4.1421509E+001, 5.4805558E-002,-1.7836947E-001,-7.5119014E+000,-1.6255515E-002, 0.0000000E+000, 0.0000000E+000, 6.2035431E-001,-7.4331479E+000,-7.0313666E+000,-2.8235388E-009, 3.1974571E-006, 3.2015859E-009, 5.0664534E-005
 4.1586258E+001, 5.4651202E-002,-1.7584937E-001,-7.2101593E+000,-1.6215344E-002, 0.0000000E+000, 0.0000000E+000, 6.0726772E-001,-7.1414336E+000,-6.7403051E+000,-2.8089478E-009, 3.1881586E-006, 3.1850412E-009, 5.0570193E-005
 4.1805927E+001, 5.4469429E-002,-1.7313108E-001,-6.9829436E+000,-1.6181867E-002, 0.0000000E+000, 0.0000000E+000, 5.9227505E-001,-6.9011238E+000,-6.5255121E+000,-2.7925675E-009, 3.1776530E-006, 3.1664678E-009, 5.0463083E-005
 4.1970680E+001, 5.4291330E-002,-1.7008820E-001,-6.7882551E+000,-1.5998569E-002, 0.0000000E+000, 0.0000000E+000, 5.7775889E-001,-6.7451073E+000,-6.3422917E+000,-2.7768367E-009, 3.1674828E-006, 3.1486308E-009, 5.0358895E-005
 4.2135429E+001, 5.4142771E-002,-1.6808924E-001,-6.4645837E+000,-1.5870729E-002, 0.0000000E+000, 0.0000000E+000, 5.6593000E-001,-6.4510046E+000,-6.0284709E+000,-2.7638679E-009, 3.1590373E-006, 3.1339255E-009, 5.0271970E-005
 4.2300182E+001, 5.3998415E-002,-1.6625390E-001,-6.1128584E+000,-1.5648586E-002, 0.0000000E+000, 0.0000000E+000, 5.5443888E-001,-6.0851540E+000,-5.6863236E+000,-2.7512941E-009, 3.1508233E-006, 3.1196682E-009, 5.0187081E-005
 4.2519848E+001, 5.3834441E-002,-1.6394095E-001,-5.9997704E+000,-1.5571135E-002, 0.0000000E+000, 0.0000000E+000, 5.4113773E-001,-5.9173859E+000,-5.5843103E+000,-2.7370340E-009, 3.1415275E-006, 3.1034989E-009, 5.0090593E-005
 4.2684601E+001, 5.3675451E-002,-1.6157878E-001,-6.0362958E+000,-1.5343559E-002, 0.0000000E+000, 0.0000000E+000, 5.2830330E-001,-5.9759619E+000,-5.6312394E+000,-2.7233389E-009, 3.1325123E-006, 3.0879701E-009, 4.9996611E-005
 4.2849354E+001, 5.3543457E-002,-1.5972257E-001,-5.8384742E+000,-1.5260163E-002, 0.0000000E+000, 0.0000000E+000, 5.1773404E-001,-5.8216634E+000,-5.4421795E+000,-2.7120891E-009, 3.1250147E-006, 3.0752140E-009, 4.9918117E-005
 4.3074512E+001, 5.3137418E-002,-1.5751155E-001,-5.4754407E+000,-1.4948884E-002, 0.0000000E+000, 0.0000000E+000, 5.0606211E-001,-5.4693220E+000,-5.0887016E+000,-2.6993158E-009, 3.1164324E-006, 3.0607305E-009, 4.9827901E-005
 4.3255737E+001, 5.2809286E-002,-1.5551836E-001,-5.1214237E+000,-1.4814240E-002, 0.0000000E+000, 0.0000000E+000, 4.9469090E-001,-5.1290087E+000,-4.7442561E+000,-2.6866642E-009, 3.1078030E-006, 3.0463849E-009, 4.9736819E-005
 4.3436966E+001, 5.2989190E-002,-1.5321175E-001,-4.7809543E+000,-1.4595771E-002, 0.0000000E+000, 0.0000000E+000, 4.8350597E-001,-4.8108164E+000,-4.4122667E+000,-2.6753979E-009, 3.1002672E-006, 3.0336101E-009, 4.9656948E-005
 4.3618191E+001, 5.2948375E-002,-1.5128769E-001,-4.4542745E+000,-1.4439317E-002, 0.0000000E+000, 0.0000000E+000, 4.7297082E-001,-4.4876842E+000,-4.0940823E+000,-2.6645921E-009, 3.0929424E-006, 3.0213576E-009, 4.9579026E-005
 4.3799419E+001, 5.2848252E-002,-1.4971903E-001,-4.2150392E+000,-1.4192867E-002, 0.0000000E+000, 0.0000000E+000, 4.6317060E-001,-4.2387182E+000,-3.8629322E+000,-2.6541996E-009, 3.0858147E-006, 3.0095736E-009, 4.9502928E-005
 4.3920235E+001, 5.2753042E-002,-1.4897130E-001,-4.0864161E+000,-1.4090345E-002, 0.0000000E+000, 0.0000000E+000, 4.5543586E-001,-4.1012354E+000,-3.7412889E+000,-2.6457050E-009, 3.0800117E-006, 2.9999417E-009, 4.9440778E-005
 4.4101463E+001, 5.2655895E-002,-1.4746514E-001,-4.0056603E+000,-1.3981358E-002, 0.0000000E+000, 0.0000000E+000, 4.4789391E-001,-4.0169583E+000,-3.6665570E+000,-2.6374049E-009, 3.0743403E-006, 2.9905303E-009, 4.9379851E-005
 4.4282688E+001, 5.2539916E-002,-1.4598988E-001,-3.9180914E+000,-1.3890561E-002, 0.0000000E+000, 0.0000000E+000, 4.3917949E-001,-3.9303384E+000,-3.5862525E+000,-2.6276612E-009, 3.0676830E-006, 2.9794819E-009, 4.9308117E-005
 4.4463913E+001, 5.2425964E-002,-1.4448753E-001,-3.8402624E+000,-1.3703672E-002, 0.0000000E+000, 0.0000000E+000, 4.3079866E-001,-3.8477524E+000,-3.5152290E+000,-2.6182040E-009, 3.0611846E-006, 2.9687585E-009, 4.9237871E-005
 4.4645142E+001, 5.2314569E-002,-1.4320400E-001,-3.7933821E+000,-1.3655458E-002, 0.0000000E+000, 0.0000000E+000, 4.2295719E-001,-3.7945159E+000,-3.4749697E+000,-2.6090627E-009, 3.0548375E-006, 2.9583933E-009, 4.9169044E-005
 4.4838791E+001, 5.1727739E-002,-1.4176947E-001,-3.8032238E+000,-1.3502390E-002, 0.0000000E+000, 0.0000000E+000, 4.1615734E-001,-3.7887182E+000,-3.4906106E+000,-2.6003459E-009, 3.0484934E-006, 2.9485094E-009, 4.9100035E-005
 4.5032440E+001, 5.1968995E-002,-1.4002491E-001,-3.9402608E+000,-1.3372866E-002, 0.0000000E+000, 0.0000000E+000, 4.0781646E-001,-3.9082044E+000,-3.6338731E+000,-2.5912041E-009, 3.0420195E-006, 2.9381436E-009, 4.9029395E-005
 4.5226089E+001, 5.1949899E-002,-1.3796319E-001,-4.0449484E+000,-1.3175400E-002, 0.0000000E+000, 0.0000000E+000, 3.9958749E-001,-4.0439459E+000,-3.7445496E+000,-2.5822558E-009, 3.0356990E-006, 2.9279971E-009, 4.8960220E-005
 4.5419739E+001, 5.1865784E-002,-1.3589954E-001,-3.9485150E+000,-1.3115173E-002, 0.0000000E+000, 0.0000000E+000, 3.9168916E-001,-3.9795846E+000,-3.6539747E+000,-2.5734359E-009, 3.0295280E-006, 2.9179964E-009, 4.8892478E-005
 4.5548836E+001, 5.1783381E-002,-1.3460358E-001,-3.7819237E+000,-1.3062455E-002, 0.0000000E+000, 0.0000000E+000, 3.8552638E-001,-3.8199956E+000,-3.4922799E+000,-2.5661970E-009, 3.0244909E-006, 2.9097882E-009, 4.8837039E-005
 4.5742485E+001, 5.1698758E-002,-1.3323625E-001,-3.6241733E+000,-1.2800777E-002, 0.0000000E+000, 0.0000000E+000, 3.7930206E-001,-3.6628758E+000,-3.3392095E+000,-2.5591458E-009, 3.0195556E-006, 2.9017929E-009, 4.8782581E-005
 4.5936134E+001, 5.1597827E-002,-1.3186025E-001,-3.5379094E+000,-1.2602362E-002, 0.0000000E+000, 0.0000000E+000, 3.7211888E-001,-3.5609279E+000,-3.2586553E+000,-2.5509467E-009, 3.0137490E-006, 2.8924960E-009, 4.8718348E-005
 4.6129784E+001, 5.1499012E-002,-1.3036839E-001,-3.6119200E+000,-1.2436239E-002, 0.0000000E+000, 0.0000000E+000, 3.6502305E-001,-3.6223905E+000,-3.3382026E+000,-2.5429469E-009, 3.0080703E-006, 2.8834252E-009, 4.8655355E-005
 4.6323433E+001, 5.1402522E-002,-1.2852379E-001,-3.7458198E+000,-1.2345566E-002, 0.0000000E+000, 0.0000000E+000, 3.5792227E-001,-3.7639603E+000,-3.4773643E+000,-2.5351392E-009, 3.0025169E-006, 2.8745720E-009, 4.8593581E-005
 4.6452534E+001, 5.1323768E-002,-1.2668620E-001,-3.8036832E+000,-1.2186022E-002, 0.0000000E+000, 0.0000000E+000, 3.5216437E-001,-3.8399222E+000,-3.5390672E+000,-2.5287534E-009, 2.9979807E-006, 2.8673313E-009, 4.8542999E-005
 4.6646183E+001, 5.1246515E-002,-1.2579918E-001,-3.7834330E+000,-1.1987474E-002, 0.0000000E+000, 0.0000000E+000, 3.4686588E-001,-3.8288216E+000,-3.5231072E+000,-2.5224438E-009, 2.9935300E-006, 2.8601769E-009, 4.8493252E-005
 4.6839832E+001, 5.1155386E-002,-1.2427584E-001,-3.7117953E+000,-1.1738346E-002, 0.0000000E+000, 0.0000000E+000, 3.4048493E-001,-3.7595732E+000,-3.4561692E+000,-2.5149416E-009, 2.9882907E-006, 2.8516702E-009, 4.8434551E-005
 4.7033482E+001, 5.1065484E-002,-1.2277701E-001,-3.5956554E+000,-1.1578117E-002, 0.0000000E+000, 0.0000000E+000, 3.3418375E-001,-3.6507030E+000,-3.3447613E+000,-2.5075246E-009, 2.9831609E-006, 2.8432601E-009, 4.8376927E-005
 4.7162579E+001, 5.0991744E-002,-1.2171042E-001,-3.4581255E+000,-1.1465997E-002, 0.0000000E+000, 0.0000000E+000, 3.2897670E-001,-3.5179099E+000,-3.2113335E+000,-2.5014823E-009, 2.9789645E-006, 2.8364088E-009, 4.8329680E-005
 4.7356228E+001, 5.0919269E-002,-1.2014987E-001,-3.3090320E+000,-1.1336007E-002, 0.0000000E+000, 0.0000000E+000, 3.2390020E-001,-3.3695812E+000,-3.0656984E+000,-2.4956730E-009, 2.9748457E-006, 2.8298217E-009, 4.8283204E-005
 4.7549877E+001, 5.0834333E-002,-1.1889510E-001,-3.1390514E+000,-1.1139993E-002, 0.0000000E+000, 0.0000000E+000, 3.1815863E-001,-3.2024474E+000,-2.9000936E+000,-2.4890027E-009, 2.9699918E-006, 2.8222583E-009, 4.8228311E-005
 4.7743526E+001, 5.0751782E-002,-1.1778970E-001,-2.9885558E+000,-1.0924032E-002, 0.0000000E+000, 0.0000000E+000, 3.1265157E-001,-3.0565128E+000,-2.7538661E+000,-2.4825966E-009, 2.9652323E-006, 2.8149945E-009, 4.8174355E-005
 4.7937176E+001, 5.0671176E-002,-1.1674158E-001,-2.8721067E+000,-1.0717317E-002, 0.0000000E+000, 0.0000000E+000, 3.0722839E-001,-2.9428928E+000,-2.6416660E+000,-2.4762884E-009, 2.9605630E-006, 2.8078417E-009, 4.8121299E-005
 4.8066277E+001, 5.0605178E-002,-1.1594029E-001,-2.8037158E+000,-1.0711817E-002, 0.0000000E+000, 0.0000000E+000, 3.0288111E-001,-2.8759597E+000,-2.5768816E+000,-2.4710836E-009, 2.9567371E-006, 2.8019400E-009, 4.8077739E-005
 4.8259926E+001, 5.0540157E-002,-1.1472301E-001,-2.7320932E+000,-1.0510646E-002, 0.0000000E+000, 0.0000000E+000, 2.9823866E-001,-2.8132048E+000,-2.5085481E+000,-2.4658956E-009, 2.9529762E-006, 2.7960574E-009, 4.8034830E-005
 4.8453575E+001, 5.0463116E-002,-1.1368594E-001,-2.6421113E+000,-1.0404033E-002, 0.0000000E+000, 0.0000000E+000, 2.9315617E-001,-2.7252628E+000,-2.4225820E+000,-2.4597366E-009, 2.9485380E-006, 2.7890737E-009, 4.7984091E-005
 4.8647224E+001, 5.0387362E-002,-1.1273803E-001,-2.5917339E+000,-1.0366302E-002, 0.0000000E+000, 0.0000000E+000, 2.8825737E-001,-2.6673563E+000,-2.3761935E+000,-2.4537205E-009, 2.9441808E-006, 2.7822521E-009, 4.7934166E-005
 4.8840874E+001, 5.0312763E-002,-1.1179756E-001,-2.5602438E+000,-1.0114614E-002, 0.0000000E+000, 0.0000000E+000, 2.8347721E-001,-2.6393501E+000,-2.3483660E+000,-2.4478717E-009, 2.9399011E-006, 2.7756202E-009, 4.7885023E-005
 4.8969971E+001, 5.0251604E-002,-1.1059906E-001,-2.5172770E+000,-1.0093806E-002, 0.0000000E+000, 0.0000000E+000, 2.7939297E-001,-2.5972724E+000,-2.3083253E+000,-2.4430573E-009, 2.9363914E-006, 2.7701612E-009, 4.7844642E-005
 4.9163620E+001, 5.0191125E-002,-1.0998565E-001,-2.4570073E+000,-9.8996362E-003, 0.0000000E+000, 0.0000000E+000, 2.7546840E-001,-2.5345522E+000,-2.2512331E+000,-2.4383283E-009, 2.9329357E-006, 2.7647990E-009, 4.7804807E-005
 4.9357269E+001, 5.0120050E-002,-1.0895526E-001,-2.3737328E+000,-9.7635778E-003, 0.0000000E+000, 0.0000000E+000, 2.7073690E-001,-2.4484748E+000,-2.1715947E+000,-2.4327902E-009, 2.9288560E-006, 2.7585194E-009, 4.7757691E-005
 4.9550919E+001, 5.0050027E-002,-1.0804105E-001,-2.3069042E+000,-9.6060064E-003, 0.0000000E+000, 0.0000000E+000, 2.6621124E-001,-2.3758946E+000,-2.1082900E+000,-2.4273840E-009, 2.9248478E-006, 2.7523894E-009, 4.7711306E-005
 4.9680019E+001, 4.9992783E-002,-1.0757339E-001,-2.2734606E+000,-9.5689385E-003, 0.0000000E+000, 0.0000000E+000, 2.6253397E-001,-2.3400447E+000,-2.0780762E+000,-2.4229980E-009, 2.9215583E-006, 2.7474161E-009, 4.7673171E-005
 4.9873669E+001, 4.9936536E-002,-1.0660447E-001,-2.2574159E+000,-9.4977307E-003, 0.0000000E+000, 0.0000000E+000, 2.5888334E-001,-2.3247422E+000,-2.0646982E+000,-2.4187511E-009, 2.9183186E-006, 2.7426006E-009, 4.7635546E-005
 5.0067318E+001, 4.9870147E-002,-1.0558947E-001,-2.2610140E+000,-9.3987949E-003, 0.0000000E+000, 0.0000000E+000, 2.5453389E-001,-2.3313040E+000,-2.0715983E+000,-2.4137128E-009, 2.9144887E-006, 2.7368878E-009, 4.7590991E-005
 5.0260967E+001, 4.9805141E-002,-1.0450066E-001,-2.2646403E+000,-9.2428562E-003, 0.0000000E+000, 0.0000000E+000, 2.5022646E-001,-2.3412238E+000,-2.0783523E+000,-2.4087166E-009, 2.9107233E-006, 2.7312226E-009, 4.7547102E-005
 5.0454617E+001, 4.9741350E-002,-1.0353193E-001,-2.2533920E+000,-9.1109948E-003, 0.0000000E+000, 0.0000000E+000, 2.4608988E-001,-2.3340640E+000,-2.0702037E+000,-2.4037348E-009, 2.9070207E-006, 2.7255737E-009, 4.7503862E-005
 5.0583714E+001, 4.9688676E-002,-1.0285722E-001,-2.2399835E+000,-8.9596397E-003, 0.0000000E+000, 0.0000000E+000, 2.4275947E-001,-2.3204627E+000,-2.0593522E+000,-2.3996032E-009, 2.9039796E-006, 2.7208889E-009, 4.7468291E-005
 5.0777363E+001, 4.9636942E-002,-1.0199636E-001,-2.2292848E+000,-8.8361470E-003, 0.0000000E+000, 0.0000000E+000, 2.3922116E-001,-2.3094885E+000,-2.0512592E+000,-2.3954896E-009, 2.9009832E-006, 2.7162246E-009, 4.7433184E-005
 5.0971012E+001, 4.9575323E-002,-1.0101502E-001,-2.2047198E+000,-8.6578068E-003, 0.0000000E+000, 0.0000000E+000, 2.3507432E-001,-2.2875340E+000,-2.0297430E+000,-2.3906003E-009, 2.8974393E-006, 2.7106807E-009, 4.7391599E-005
 5.1164661E+001, 4.9514576E-002,-9.9873140E-002,-2.1598939E+000,-8.5341814E-003, 0.0000000E+000, 0.0000000E+000, 2.3089589E-001,-2.2445027E+000,-1.9878908E+000,-2.3857676E-009, 2.8939537E-006, 2.7052010E-009, 4.7350627E-005
 5.1358311E+001, 4.9454719E-002,-9.8933626E-002,-2.1087555E+000,-8.4218596E-003, 0.0000000E+000, 0.0000000E+000, 2.2691409E-001,-2.1920001E+000,-1.9397422E+000,-2.3810433E-009, 2.8905259E-006, 2.6998441E-009, 4.7310263E-005
 5.1487411E+001, 4.9405557E-002,-9.7912585E-002,-2.0738312E+000,-8.3372175E-003, 0.0000000E+000, 0.0000000E+000, 2.2355727E-001,-2.1571624E+000,-1.9071182E+000,-2.3772138E-009, 2.8877113E-006, 2.6955018E-009, 4.7277067E-005
 5.1681061E+001, 4.9357346E-002,-9.7509858E-002,-2.0391911E+000,-8.2711002E-003, 0.0000000E+000, 0.0000000E+000, 2.2042478E-001,-2.1246871E+000,-1.8751899E+000,-2.3734656E-009, 2.8849358E-006, 2.6912518E-009, 4.7244284E-005
 5.1874710E+001, 4.9300668E-002,-9.6666133E-002,-1.9921777E+000,-8.1669971E-003, 0.0000000E+000, 0.0000000E+000, 2.1653102E-001,-2.0806506E+000,-1.8311791E+000,-2.3690165E-009, 2.8816532E-006, 2.6862070E-009, 4.7205453E-005
 5.2068359E+001, 4.9244806E-002,-9.5676003E-002,-1.9390802E+000,-8.1605301E-003, 0.0000000E+000, 0.0000000E+000, 2.1259689E-001,-2.0296156E+000,-1.7810750E+000,-2.3645891E-009, 2.8784231E-006, 2.6811868E-009, 4.7167180E-005
 5.2262009E+001, 4.9189736E-002,-9.4784910E-002,-1.8927557E+000,-8.0193752E-003, 0.0000000E+000, 0.0000000E+000, 2.0881895E-001,-1.9852028E+000,-1.7375513E+000,-2.3601975E-009, 2.8752450E-006, 2.6762072E-009, 4.7129461E-005
 5.2391106E+001, 4.9144666E-002,-9.4300835E-002,-1.8565705E+000,-7.8263932E-003, 0.0000000E+000, 0.0000000E+000, 2.0582824E-001,-1.9529982E+000,-1.7037248E+000,-2.3566017E-009, 2.8726338E-006, 2.6721300E-009, 4.7098424E-005
 5.2584755E+001, 4.9099819E-002,-9.3490718E-002,-1.8177471E+000,-7.8212042E-003, 0.0000000E+000, 0.0000000E+000, 2.0291643E-001,-1.9177018E+000,-1.6670427E+000,-2.3530885E-009, 2.8700588E-006, 2.6681464E-009, 4.7067773E-005
 5.2778404E+001, 4.9047009E-002,-9.2755157E-002,-1.7744335E+000,-7.6763633E-003, 0.0000000E+000, 0.0000000E+000, 1.9947706E-001,-1.8770848E+000,-1.6263409E+000,-2.3489899E-009, 2.8670099E-006, 2.6634990E-009, 4.7031428E-005
 5.2972054E+001, 4.8994975E-002,-9.1923006E-002,-1.7497677E+000,-7.6698490E-003, 0.0000000E+000, 0.0000000E+000, 1.9604051E-001,-1.8518851E+000,-1.6043251E+000,-2.3449411E-009, 2.8640067E-006, 2.6589081E-009, 4.6995569E-005
 5.3101154E+001, 4.8952154E-002,-9.1258194E-002,-1.7485320E+000,-7.5465493E-003, 0.0000000E+000, 0.0000000E+000, 1.9323888E-001,-1.8475627E+000,-1.6051457E+000,-2.3415912E-009, 2.8615377E-006, 2.6551097E-009, 4.6966043E-005
 5.3294804E+001, 4.8909922E-002,-9.0508274E-002,-1.7602134E+000,-7.5501780E-003, 0.0000000E+000, 0.0000000E+000, 1.9039211E-001,-1.8577161E+000,-1.6189698E+000,-2.3382877E-009, 2.8591027E-006, 2.6513638E-009, 4.6936882E-005
 5.3488453E+001, 4.8859999E-002,-8.9741141E-002,-1.7741483E+000,-7.4395968E-003, 0.0000000E+000, 0.0000000E+000, 1.8719640E-001,-1.8724015E+000,-1.6352726E+000,-2.3343881E-009, 2.8562192E-006, 2.6469422E-009, 4.6902299E-005
 5.3682102E+001, 4.8810799E-002,-8.8977753E-002,-1.7758924E+000,-7.4248803E-003, 0.0000000E+000, 0.0000000E+000, 1.8411853E-001,-1.8732388E+000,-1.6393657E+000,-2.3305091E-009, 2.8533776E-006, 2.6425438E-009, 4.6868161E-005
 5.3875751E+001, 4.8762234E-002,-8.8161274E-002,-1.7648310E+000,-7.3036944E-003, 0.0000000E+000, 0.0000000E+000, 1.8109188E-001,-1.8604610E+000,-1.6304419E+000,-2.3266724E-009, 2.8505766E-006, 2.6381934E-009, 4.6834457E-005
 5.4004852E+001, 4.8722232E-002,-8.7090712E-002,-1.7459252E+000,-7.2871727E-003, 0.0000000E+000, 0.0000000E+000, 1.7840854E-001,-1.8399658E+000,-1.6131723E+000,-2.3234913E-009, 2.8482725E-006, 2.6345864E-009, 4.6806690E-005
 5.4198498E+001, 4.8682617E-002,-8.6672179E-002,-1.7208300E+000,-7.1681330E-003, 0.0000000E+000, 0.0000000E+000, 1.7606651E-001,-1.8138784E+000,-1.5899212E+000,-2.3203675E-009, 2.8459970E-006, 2.6310443E-009, 4.6779228E-005
 5.4392147E+001, 4.8635728E-002,-8.5901104E-002,-1.6876469E+000,-7.0355865E-003, 0.0000000E+000, 0.0000000E+000, 1.7322412E-001,-1.7828767E+000,-1.5587237E+000,-2.3167444E-009, 2.8433006E-006, 2.6269362E-009, 4.6746641E-005
 5.4585796E+001, 4.8589710E-002,-8.5181990E-002,-1.6551310E+000,-6.9545961E-003, 0.0000000E+000, 0.0000000E+000, 1.7043914E-001,-1.7548220E+000,-1.5282388E+000,-2.3131687E-009, 2.8406412E-006, 2.6228817E-009, 4.6714449E-005
 5.4779446E+001, 4.8544266E-002,-8.4455275E-002,-1.6241718E+000,-6.8223866E-003, 0.0000000E+000, 0.0000000E+000, 1.6768375E-001,-1.7307355E+000,-1.4992215E+000,-2.3096267E-009, 2.8380179E-006, 2.6188654E-009, 4.6682644E-005
 5.4908546E+001, 4.8506824E-002,-8.3899700E-002,-1.6005150E+000,-6.6533852E-003, 0.0000000E+000, 0.0000000E+000, 1.6536544E-001,-1.7109154E+000,-1.4771958E+000,-2.3067154E-009, 2.8358579E-006, 2.6155643E-009, 4.6656420E-005
 5.5102196E+001, 4.8469954E-002,-8.3057192E-002,-1.5773476E+000,-6.6471068E-003, 0.0000000E+000, 0.0000000E+000, 1.6306667E-001,-1.6908340E+000,-1.4555152E+000,-2.3038517E-009, 2.8337244E-006, 2.6123172E-009, 4.6630483E-005
 5.5295845E+001, 4.8426403E-002,-8.2329430E-002,-1.5475173E+000,-6.6066935E-003, 0.0000000E+000, 0.0000000E+000, 1.6044297E-001,-1.6643892E+000,-1.4275841E+000,-2.3004597E-009, 2.8311943E-006, 2.6084710E-009, 4.6599684E-005
 5.5489494E+001, 4.8383412E-002,-8.1654063E-002,-1.5133216E+000,-6.4717281E-003, 0.0000000E+000, 0.0000000E+000, 1.5791080E-001,-1.6332745E+000,-1.3951531E+000,-2.2971593E-009, 2.8286971E-006, 2.6047287E-009, 4.6569240E-005
 5.5683144E+001, 4.8341106E-002,-8.0991865E-002,-1.4790366E+000,-6.4404678E-003, 0.0000000E+000, 0.0000000E+000, 1.5541285E-001,-1.6010401E+000,-1.3627150E+000,-2.2939066E-009, 2.8262317E-006, 2.6010405E-009, 4.6539141E-005
 5.5812244E+001, 4.8306252E-002,-8.0482324E-002,-1.4533644E+000,-6.3076282E-003, 0.0000000E+000, 0.0000000E+000, 1.5344067E-001,-1.5751384E+000,-1.3384075E+000,-2.2912056E-009, 2.8242003E-006, 2.5979779E-009, 4.6514307E-005
 5.6005894E+001, 4.8271513E-002,-7.9714230E-002,-1.4298829E+000,-6.3633903E-003, 0.0000000E+000, 0.0000000E+000, 1.5127402E-001,-1.5528062E+000,-1.3164150E+000,-2.2884908E-009, 2.8221920E-006, 2.5948997E-009, 4.6489726E-005
 5.6199539E+001, 4.8230158E-002,-7.9040989E-002,-1.3948142E+000,-6.3407630E-003, 0.0000000E+000, 0.0000000E+000, 1.4894326E-001,-1.5193194E+000,-1.2830225E+000,-2.2852622E-009, 2.8198091E-006, 2.5912388E-009, 4.6460522E-005
 5.6393188E+001, 4.8189312E-002,-7.8426551E-002,-1.3531558E+000,-6.2727272E-003, 0.0000000E+000, 0.0000000E+000, 1.4668975E-001,-1.4768079E+000,-1.2429760E+000,-2.2820954E-009, 2.8174552E-006, 2.5876480E-009, 4.6431633E-005
 5.6522289E+001, 4.8155495E-002,-7.7726325E-002,-1.3185285E+000,-6.1424209E-003, 0.0000000E+000, 0.0000000E+000, 1.4476708E-001,-1.4407017E+000,-1.2094746E+000,-2.2795117E-009, 2.8155147E-006, 2.5847183E-009, 4.6407789E-005
 5.6715939E+001, 4.8122105E-002,-7.7451697E-002,-1.2910728E+000,-6.0519410E-003, 0.0000000E+000, 0.0000000E+000, 1.4300894E-001,-1.4106044E+000,-1.1834454E+000,-2.2769810E-009, 2.8135938E-006, 2.5818487E-009, 4.6384157E-005
 5.6909588E+001, 4.8082492E-002,-7.6750812E-002,-1.2671788E+000,-5.8995028E-003, 0.0000000E+000, 0.0000000E+000, 1.4077122E-001,-1.3859130E+000,-1.1609754E+000,-2.2740126E-009, 2.8113131E-006, 2.5784829E-009, 4.6356065E-005
 5.7103237E+001, 4.8043415E-002,-7.6111988E-002,-1.2486061E+000,-5.8115855E-003, 0.0000000E+000, 0.0000000E+000, 1.3859269E-001,-1.3671710E+000,-1.1438936E+000,-2.2711105E-009, 2.8090597E-006, 2.5751922E-009, 4.6328273E-005
 5.7296886E+001, 4.8005100E-002,-7.5529198E-002,-1.2332171E+000,-5.7435087E-003, 0.0000000E+000, 0.0000000E+000, 1.3648083E-001,-1.3510684E+000,-1.1300038E+000,-2.2682406E-009, 2.8068330E-006, 2.5719381E-009, 4.6300773E-005
 5.7425987E+001, 4.7973429E-002,-7.5204449E-002,-1.2238769E+000,-5.6945377E-003, 0.0000000E+000, 0.0000000E+000, 1.3475167E-001,-1.3408771E+000,-1.1220508E+000,-2.2658582E-009, 2.8049964E-006, 2.5692367E-009, 4.6278065E-005
 5.7619637E+001, 4.7942227E-002,-7.4601532E-002,-1.2167637E+000,-5.6340948E-003, 0.0000000E+000, 0.0000000E+000, 1.3298991E-001,-1.3339323E+000,-1.1160672E+000,-2.2634823E-009, 2.8031791E-006, 2.5665427E-009, 4.6255569E-005
 5.7813286E+001, 4.7904944E-002,-7.3959331E-002,-1.2070793E+000,-5.5823735E-003, 0.0000000E+000, 0.0000000E+000, 1.3087623E-001,-1.3251154E+000,-1.1078398E+000,-2.2606483E-009, 2.8010208E-006, 2.5633293E-009, 4.6228821E-005
 5.8006931E+001, 4.7868274E-002,-7.3285875E-002,-1.1895075E+000,-5.4797094E-003, 0.0000000E+000, 0.0000000E+000, 1.2876002E-001,-1.3091946E+000,-1.0916448E+000,-2.2578502E-009, 2.7988880E-006, 2.5601565E-009, 4.6202355E-005
 5.8200581E+001, 4.7831894E-002,-7.2702707E-002,-1.1653727E+000,-5.4877578E-003, 0.0000000E+000, 0.0000000E+000, 1.2674267E-001,-1.2863729E+000,-1.0689886E+000,-2.2550964E-009, 2.7967802E-006, 2.5570339E-009, 4.6176166E-005
 5.8329681E+001, 4.7802027E-002,-7.2313778E-002,-1.1443841E+000,-5.3982300E-003, 0.0000000E+000, 0.0000000E+000, 1.2514388E-001,-1.2651458E+000,-1.0491502E+000,-2.2528280E-009, 2.7950415E-006, 2.5544619E-009, 4.6154538E-005
 5.8523331E+001, 4.7772271E-002,-7.1812470E-002,-1.1294511E+000,-5.4070417E-003, 0.0000000E+000, 0.0000000E+000, 1.2345067E-001,-1.2487941E+000,-1.0354477E+000,-2.2505768E-009, 2.7933206E-006, 2.5519092E-009, 4.6133107E-005
 5.8716980E+001, 4.7736944E-002,-7.1250400E-002,-1.1164717E+000,-5.3494815E-003, 0.0000000E+000, 0.0000000E+000, 1.2149546E-001,-1.2346921E+000,-1.0238392E+000,-2.2478846E-009, 2.7912759E-006, 2.5488566E-009, 4.6107617E-005
 5.8910629E+001, 4.7701889E-002,-7.0579085E-002,-1.1012466E+000,-5.3240123E-003, 0.0000000E+000, 0.0000000E+000, 1.1950883E-001,-1.2186143E+000,-1.0099390E+000,-2.2451995E-009, 2.7892544E-006, 2.5458120E-009, 4.6082385E-005
 5.9104279E+001, 4.7667213E-002,-7.0023024E-002,-1.0822935E+000,-5.1862645E-003, 0.0000000E+000, 0.0000000E+000, 1.1764284E-001,-1.1985379E+000,-9.9219274E-001,-2.2425416E-009, 2.7872558E-006, 2.5427983E-009, 4.6057407E-005
 5.9233379E+001, 4.7638590E-002,-6.9415182E-002,-1.0685983E+000,-5.1164528E-003, 0.0000000E+000, 0.0000000E+000, 1.1605477E-001,-1.1837350E+000,-9.7943655E-001,-2.2403597E-009, 2.7856067E-006, 2.5403242E-009, 4.6036775E-005
 5.9427029E+001, 4.7610090E-002,-6.9175969E-002,-1.0597361E+000,-5.0765333E-003, 0.0000000E+000, 0.0000000E+000, 1.1460631E-001,-1.1741158E+000,-9.7177217E-001,-2.2382282E-009, 2.7839729E-006, 2.5379073E-009, 4.6016311E-005
 5.9620678E+001, 4.7576481E-002,-6.8663774E-002,-1.0536310E+000,-4.9503161E-003, 0.0000000E+000, 0.0000000E+000, 1.1277741E-001,-1.1677133E+000,-9.6689122E-001,-2.2357300E-009, 2.7820314E-006, 2.5350746E-009, 4.5991969E-005
 5.9814327E+001, 4.7543355E-002,-6.8040375E-002,-1.0507210E+000,-4.9276697E-003, 0.0000000E+000, 0.0000000E+000, 1.1090015E-001,-1.1649416E+000,-9.6524554E-001,-2.2332928E-009, 2.7801110E-006, 2.5323111E-009, 4.5967861E-005
 5.9943424E+001, 4.7516081E-002,-6.7663687E-002,-1.0480153E+000,-4.8947427E-003, 0.0000000E+000, 0.0000000E+000, 1.0939189E-001,-1.1625599E+000,-9.6366579E-001,-2.2313050E-009, 2.7785265E-006, 2.5300572E-009, 4.5947948E-005
 6.0137074E+001, 4.7489353E-002,-6.7104161E-002,-1.0433947E+000,-4.8758990E-003, 0.0000000E+000, 0.0000000E+000, 1.0791558E-001,-1.1581544E+000,-9.5996981E-001,-2.2292979E-009, 2.7769576E-006, 2.5277813E-009, 4.5928209E-005
 6.0330723E+001, 4.7457331E-002,-6.6597066E-002,-1.0364732E+000,-4.8440877E-003, 0.0000000E+000, 0.0000000E+000, 1.0617985E-001,-1.1508892E+000,-9.5427716E-001,-2.2268804E-009, 2.7750925E-006, 2.5250401E-009, 4.5904720E-005
 6.0524372E+001, 4.7425762E-002,-6.6091589E-002,-1.0296936E+000,-4.7893476E-003, 0.0000000E+000, 0.0000000E+000, 1.0446397E-001,-1.1437895E+000,-9.4868482E-001,-2.2244671E-009, 2.7732471E-006, 2.5223037E-009, 4.5881451E-005
 6.0718021E+001, 4.7394246E-002,-6.5519103E-002,-1.0233730E+000,-4.7340982E-003, 0.0000000E+000, 0.0000000E+000, 1.0274109E-001,-1.1371954E+000,-9.4349084E-001,-2.2220625E-009, 2.7714210E-006, 2.5195771E-009, 4.5858399E-005
 6.0847122E+001, 4.7368115E-002,-6.5065787E-002,-1.0202713E+000,-4.6832872E-003, 0.0000000E+000, 0.0000000E+000, 1.0136344E-001,-1.1336687E+000,-9.4128879E-001,-2.2200725E-009, 2.7699135E-006, 2.5173207E-009, 4.5839348E-005
 6.1040771E+001, 4.7342341E-002,-6.4558161E-002,-1.0188287E+000,-4.6178712E-003, 0.0000000E+000, 0.0000000E+000, 9.9952401E-002,-1.1326301E+000,-9.4070996E-001,-2.2181194E-009, 2.7684204E-006, 2.5151061E-009, 4.5820460E-005
 6.1234421E+001, 4.7311408E-002,-6.4049501E-002,-1.0163494E+000,-4.5156238E-003, 0.0000000E+000, 0.0000000E+000, 9.8363676E-002,-1.1303662E+000,-9.3923945E-001,-2.2158084E-009, 2.7666447E-006, 2.5124857E-009, 4.5797975E-005
 6.1428070E+001, 4.7280941E-002,-6.3551437E-002,-1.0108324E+000,-4.4574550E-003, 0.0000000E+000, 0.0000000E+000, 9.6787538E-002,-1.1256088E+000,-9.3477282E-001,-2.2135590E-009, 2.7648869E-006, 2.5099351E-009, 4.5775691E-005
 6.1621719E+001, 4.7250827E-002,-6.3023165E-002,-9.9773452E-001,-4.4054018E-003, 0.0000000E+000, 0.0000000E+000, 9.5213385E-002,-1.1136550E+000,-9.2269887E-001,-2.2113332E-009, 2.7631469E-006, 2.5074113E-009, 4.5753607E-005
 6.1750816E+001, 4.7225923E-002,-6.2333989E-002,-9.8162799E-001,-4.3073384E-003, 0.0000000E+000, 0.0000000E+000, 9.3773779E-002,-1.0980985E+000,-9.0726962E-001,-2.2094949E-009, 2.7617100E-006, 2.5053269E-009, 4.5735354E-005
 6.1944466E+001, 4.7201399E-002,-6.2065084E-002,-9.6148257E-001,-4.3312342E-003, 0.0000000E+000, 0.0000000E+000, 9.2548132E-002,-1.0785556E+000,-8.8812935E-001,-2.2076729E-009, 2.7602860E-006, 2.5032609E-009, 4.5717245E-005
 6.2138115E+001, 4.7172234E-002,-6.1578357E-002,-9.3595647E-001,-4.2494374E-003, 0.0000000E+000, 0.0000000E+000, 9.1017856E-002,-1.0541419E+000,-8.6359418E-001,-2.2054968E-009, 2.7585929E-006, 2.5007935E-009, 4.5695693E-005
 6.2331764E+001, 4.7143562E-002,-6.1130334E-002,-9.1289658E-001,-4.2012811E-003, 0.0000000E+000, 0.0000000E+000, 8.9478555E-002,-1.0324338E+000,-8.4160608E-001,-2.2033270E-009, 2.7569167E-006, 2.4983332E-009, 4.5674333E-005
 6.2460865E+001, 4.7119681E-002,-6.0858051E-002,-8.9687359E-001,-4.1824852E-003, 0.0000000E+000, 0.0000000E+000, 8.8193254E-002,-1.0176092E+000,-8.2660119E-001,-2.2015191E-009, 2.7555323E-006, 2.4962831E-009, 4.5656674E-005
 6.2654514E+001, 4.7096148E-002,-6.0327243E-002,-8.8477825E-001,-4.1090653E-003, 0.0000000E+000, 0.0000000E+000, 8.6867714E-002,-1.0063612E+000,-8.1525070E-001,-2.1997074E-009, 2.7541608E-006, 2.4942289E-009, 4.5639162E-005
 6.2848164E+001, 4.7068064E-002,-5.9799441E-002,-8.7452955E-001,-4.1209357E-003, 0.0000000E+000, 0.0000000E+000, 8.5284152E-002,-9.9700670E-001,-8.0609771E-001,-2.1975468E-009, 2.7525301E-006, 2.4917790E-009, 4.5618321E-005
 6.3041813E+001, 4.7040270E-002,-5.9338374E-002,-8.6674579E-001,-4.0330426E-003, 0.0000000E+000, 0.0000000E+000, 8.3766846E-002,-9.9001762E-001,-7.9931009E-001,-2.1954090E-009, 2.7509162E-006, 2.4893550E-009, 4.5597673E-005
 6.3235462E+001, 4.7012588E-002,-5.8906051E-002,-8.5726071E-001,-3.9739168E-003, 0.0000000E+000, 0.0000000E+000, 8.2266790E-002,-9.8168334E-001,-7.9086130E-001,-2.1932821E-009, 2.7493185E-006, 2.4869434E-009, 4.5577210E-005
 6.3364559E+001, 4.6989848E-002,-5.8603893E-002,-8.4622346E-001,-3.9409341E-003, 0.0000000E+000, 0.0000000E+000, 8.1067251E-002,-9.7103900E-001,-7.8071119E-001,-2.1915377E-009, 2.7479989E-006, 2.4849653E-009, 4.5560293E-005
 6.3558208E+001, 4.6967269E-002,-5.8173851E-002,-8.3442229E-001,-3.8898435E-003, 0.0000000E+000, 0.0000000E+000, 7.9769111E-002,-9.5950498E-001,-7.6974961E-001,-2.1898351E-009, 2.7466914E-006, 2.4830348E-009, 4.5543516E-005
 6.3751858E+001, 4.6940359E-002,-5.7637700E-002,-8.2176871E-001,-3.8316276E-003, 0.0000000E+000, 0.0000000E+000, 7.8229006E-002,-9.4640340E-001,-7.5806867E-001,-2.1878443E-009, 2.7451364E-006, 2.4807774E-009, 4.5523545E-005
 6.3945507E+001, 4.6913895E-002,-5.7189907E-002,-8.1355328E-001,-3.8067842E-003, 0.0000000E+000, 0.0000000E+000, 7.6799310E-002,-9.3732396E-001,-7.5083677E-001,-2.1858845E-009, 2.7435974E-006, 2.4785552E-009, 4.5503759E-005
 6.4139160E+001, 4.6887614E-002,-5.6770375E-002,-8.0777832E-001,-3.7565897E-003, 0.0000000E+000, 0.0000000E+000, 7.5433634E-002,-9.3053979E-001,-7.4598404E-001,-2.1839363E-009, 2.7420734E-006, 2.4763462E-009, 4.5484147E-005
 6.4268257E+001, 4.6865966E-002,-5.6289720E-002,-8.0248599E-001,-3.7263482E-003, 0.0000000E+000, 0.0000000E+000, 7.4251106E-002,-9.2401256E-001,-7.4138499E-001,-2.1823333E-009, 2.7408144E-006, 2.4745286E-009, 4.5467931E-005
 6.4461906E+001, 4.6844404E-002,-5.6078935E-002,-7.9544744E-001,-3.7133347E-003, 0.0000000E+000, 0.0000000E+000, 7.3180152E-002,-9.1535268E-001,-7.3521515E-001,-2.1807424E-009, 2.7395655E-006, 2.4727247E-009, 4.5451832E-005
 6.4655556E+001, 4.6818597E-002,-5.5579273E-002,-7.8587902E-001,-3.6597007E-003, 0.0000000E+000, 0.0000000E+000, 7.1802724E-002,-9.0399482E-001,-7.2649667E-001,-2.1788269E-009, 2.7380797E-006, 2.4705527E-009, 4.5432662E-005
 6.4849205E+001, 4.6793158E-002,-5.5120513E-002,-7.7694148E-001,-3.6390410E-003, 0.0000000E+000, 0.0000000E+000, 7.0483929E-002,-8.9348630E-001,-7.1842395E-001,-2.1769176E-009, 2.7366082E-006, 2.4683878E-009, 4.5413657E-005
 6.5042854E+001, 4.6767973E-002,-5.4701101E-002,-7.6816145E-001,-3.5879037E-003, 0.0000000E+000, 0.0000000E+000, 6.9219491E-002,-8.8417354E-001,-7.1046299E-001,-2.1750271E-009, 2.7351503E-006, 2.4662441E-009, 4.5394811E-005
 6.5171951E+001, 4.6747157E-002,-5.4457853E-002,-7.5962881E-001,-3.5008739E-003, 0.0000000E+000, 0.0000000E+000, 6.8179787E-002,-8.7622929E-001,-7.0266059E-001,-2.1734856E-009, 2.7339452E-006, 2.4644962E-009, 4.5379219E-005
 6.5365601E+001, 4.6726429E-002,-5.4041982E-002,-7.4873041E-001,-3.4967368E-003, 0.0000000E+000, 0.0000000E+000, 6.7118315E-002,-8.6638794E-001,-6.9242438E-001,-2.1719895E-009, 2.7327500E-006, 2.4627998E-009, 4.5363741E-005
 6.5559250E+001, 4.6701980E-002,-5.3597377E-002,-7.3278902E-001,-3.4634214E-003, 0.0000000E+000, 0.0000000E+000, 6.5826881E-002,-8.5201144E-001,-6.7732095E-001,-2.1701816E-009, 2.7313273E-006, 2.4607498E-009, 4.5345302E-005
 6.5752899E+001, 4.6677804E-002,-5.3136847E-002,-7.1632299E-001,-3.4309551E-003, 0.0000000E+000, 0.0000000E+000, 6.4526689E-002,-8.3666266E-001,-6.6168630E-001,-2.1683472E-009, 2.7299180E-006, 2.4586698E-009, 4.5327018E-005
 6.5881996E+001, 4.6657695E-002,-5.2847058E-002,-7.0391098E-001,-3.3685374E-003, 0.0000000E+000, 0.0000000E+000, 6.3532724E-002,-8.2485337E-001,-6.4993615E-001,-2.1668177E-009, 2.7287532E-006, 2.4569356E-009, 4.5311894E-005
 6.6075645E+001, 4.6637876E-002,-5.2494430E-002,-6.9310176E-001,-3.4128044E-003, 0.0000000E+000, 0.0000000E+000, 6.2473714E-002,-8.1498298E-001,-6.3989740E-001,-2.1652958E-009, 2.7275982E-006, 2.4552099E-009, 4.5296882E-005
 6.6269295E+001, 4.6614175E-002,-5.2135945E-002,-6.8126004E-001,-3.3796594E-003, 0.0000000E+000, 0.0000000E+000, 6.1261186E-002,-8.0430210E-001,-6.2890029E-001,-2.1634814E-009, 2.7262232E-006, 2.4531525E-009, 4.5278996E-005
 6.6462944E+001, 4.6590764E-002,-5.1754844E-002,-6.6990257E-001,-3.3295506E-003, 0.0000000E+000, 0.0000000E+000, 6.0047137E-002,-7.9427926E-001,-6.1834906E-001,-2.1616921E-009, 2.7248606E-006, 2.4511237E-009, 4.5261253E-005
 6.6656593E+001, 4.6567543E-002,-5.1297242E-002,-6.5889825E-001,-3.3154345E-003, 0.0000000E+000, 0.0000000E+000, 5.8795289E-002,-7.8442642E-001,-6.0814810E-001,-2.1599271E-009, 2.7235104E-006, 2.4491223E-009, 4.5243656E-005
 6.6785698E+001, 4.6548504E-002,-5.0860867E-002,-6.5060225E-001,-3.2300212E-003, 0.0000000E+000, 0.0000000E+000, 5.7768743E-002,-7.7670516E-001,-6.0037589E-001,-2.1584705E-009, 2.7223948E-006, 2.4474708E-009, 4.5229102E-005
 6.6979347E+001, 4.6529359E-002,-5.0679357E-002,-6.4398996E-001,-3.2278187E-003, 0.0000000E+000, 0.0000000E+000, 5.6868351E-002,-7.7030856E-001,-5.9449943E-001,-2.1570164E-009, 2.7212876E-006, 2.4458220E-009, 4.5214646E-005
 6.7172997E+001, 4.6506568E-002,-5.0337469E-002,-6.3709207E-001,-3.1864579E-003, 0.0000000E+000, 0.0000000E+000, 5.5755326E-002,-7.6360967E-001,-5.8835411E-001,-2.1552856E-009, 2.7199695E-006, 2.4438594E-009, 4.5197422E-005
 6.7366646E+001, 4.6484255E-002,-4.9988759E-002,-6.3071122E-001,-3.1397017E-003, 0.0000000E+000, 0.0000000E+000, 5.4653058E-002,-7.5706129E-001,-5.8270237E-001,-2.1535932E-009, 2.7186628E-006, 2.4419404E-009, 4.5180329E-005
 6.7560295E+001, 4.6461847E-002,-4.9566267E-002,-6.2456141E-001,-3.0918492E-003, 0.0000000E+000, 0.0000000E+000, 5.3527253E-002,-7.5042927E-001,-5.7723042E-001,-2.1519242E-009, 2.7173672E-006, 2.4400480E-009, 4.5163367E-005
 6.7689392E+001, 4.6443425E-002,-4.9310980E-002,-6.2012128E-001,-3.0568236E-003, 0.0000000E+000, 0.0000000E+000, 5.2635847E-002,-7.4518659E-001,-5.7340981E-001,-2.1505296E-009, 2.7162959E-006, 2.4384666E-009, 4.5149329E-005
 6.7883041E+001, 4.6424951E-002,-4.8938434E-002,-6.1685205E-001,-3.0206487E-003, 0.0000000E+000, 0.0000000E+000, 5.1773998E-002,-7.4098173E-001,-5.7061218E-001,-2.1491470E-009, 2.7152329E-006, 2.4368988E-009, 4.5135387E-005
 6.8076691E+001, 4.6403224E-002,-4.8600010E-002,-6.1511671E-001,-3.0184481E-003, 0.0000000E+000, 0.0000000E+000, 5.0778827E-002,-7.3758338E-001,-5.6955312E-001,-2.1474930E-009, 2.7139664E-006, 2.4350235E-009, 4.5118763E-005
 6.8270340E+001, 4.6381375E-002,-4.8260545E-002,-6.1620547E-001,-2.9984403E-003, 0.0000000E+000, 0.0000000E+000, 4.9788757E-002,-7.3688828E-001,-5.7129432E-001,-2.1458598E-009, 2.7127101E-006, 2.4331715E-009, 4.5102258E-005
 6.8463989E+001, 4.6359950E-002,-4.7869183E-002,-6.2083485E-001,-3.0164465E-003, 0.0000000E+000, 0.0000000E+000, 4.8768526E-002,-7.3947251E-001,-5.7659201E-001,-2.1442381E-009, 2.7114639E-006, 2.4313327E-009, 4.5085872E-005
 6.8593086E+001, 4.6342227E-002,-4.7556139E-002,-6.2698284E-001,-2.9767131E-003, 0.0000000E+000, 0.0000000E+000, 4.7939878E-002,-7.4374316E-001,-5.8323358E-001,-2.1428767E-009, 2.7104331E-006, 2.4297891E-009, 4.5072305E-005
 6.8786736E+001, 4.6324477E-002,-4.7198822E-002,-6.3415646E-001,-2.9390220E-003, 0.0000000E+000, 0.0000000E+000, 4.7073458E-002,-7.4951488E-001,-5.9089637E-001,-2.1415123E-009, 2.7094101E-006, 2.4282420E-009, 4.5058830E-005
 6.8980385E+001, 4.6303527E-002,-4.6838942E-002,-6.4158549E-001,-2.9095062E-003, 0.0000000E+000, 0.0000000E+000, 4.6105793E-002,-7.5560660E-001,-5.9892462E-001,-2.1398793E-009, 2.7081913E-006, 2.4263904E-009, 4.5042762E-005
 6.9174034E+001, 4.6282701E-002,-4.6483994E-002,-6.4516349E-001,-2.9011346E-003, 0.0000000E+000, 0.0000000E+000, 4.5135893E-002,-7.5863202E-001,-6.0313002E-001,-2.1382609E-009, 2.7069823E-006, 2.4245553E-009, 4.5026809E-005
 6.9303131E+001, 4.6265323E-002,-4.6060741E-002,-6.4445210E-001,-2.8812456E-003, 0.0000000E+000, 0.0000000E+000, 4.4266471E-002,-7.5761674E-001,-6.0286229E-001,-2.1369189E-009, 2.7059822E-006, 2.4230336E-009, 4.5013601E-005
 6.9496780E+001, 4.6248293E-002,-4.5804081E-002,-6.4094207E-001,-2.8861119E-003, 0.0000000E+000, 0.0000000E+000, 4.3456069E-002,-7.5394546E-001,-5.9992790E-001,-2.1355813E-009, 2.7049890E-006, 2.4215168E-009, 4.5000474E-005
 6.9690430E+001, 4.6227971E-002,-4.5404765E-002,-6.3425967E-001,-2.8588769E-003, 0.0000000E+000, 0.0000000E+000, 4.2462872E-002,-7.4778091E-001,-5.9383247E-001,-2.1339842E-009, 2.7038064E-006, 2.4197060E-009, 4.4984830E-005
 6.9884079E+001, 4.6207775E-002,-4.5040364E-002,-6.2516599E-001,-2.8248440E-003, 0.0000000E+000, 0.0000000E+000, 4.1502955E-002,-7.4002181E-001,-5.8532047E-001,-2.1323919E-009, 2.7026336E-006, 2.4179004E-009, 4.4969301E-005
 7.0077728E+001, 4.6187699E-002,-4.4700494E-002,-6.1356731E-001,-2.8287750E-003, 0.0000000E+000, 0.0000000E+000, 4.0549002E-002,-7.3015652E-001,-5.7435988E-001,-2.1308048E-009, 2.7014703E-006, 2.4161009E-009, 4.4953884E-005
 7.0206833E+001, 4.6171224E-002,-4.4486325E-002,-6.0281429E-001,-2.7956373E-003, 0.0000000E+000, 0.0000000E+000, 3.9758222E-002,-7.2088458E-001,-5.6416681E-001,-2.1294840E-009, 2.7005077E-006, 2.4146031E-009, 4.4941117E-005
 7.0400482E+001, 4.6154745E-002,-4.4095808E-002,-5.9191080E-001,-2.8047386E-003, 0.0000000E+000, 0.0000000E+000, 3.8922242E-002,-7.1134998E-001,-5.5373436E-001,-2.1281790E-009, 2.6995523E-006, 2.4131235E-009, 4.4928434E-005
 7.0594131E+001, 4.6135147E-002,-4.3705215E-002,-5.7934508E-001,-2.7806863E-003, 0.0000000E+000, 0.0000000E+000, 3.7925439E-002,-7.0053259E-001,-5.4177040E-001,-2.1266316E-009, 2.6984144E-006, 2.4113689E-009, 4.4913317E-005
 7.0787781E+001, 4.6115721E-002,-4.3367557E-002,-5.6805295E-001,-2.7656976E-003, 0.0000000E+000, 0.0000000E+000, 3.6997755E-002,-6.9080205E-001,-5.3107273E-001,-2.1250842E-009, 2.6972860E-006, 2.4096143E-009, 4.4898312E-005
 7.0981430E+001, 4.6096535E-002,-4.3053292E-002,-5.5747169E-001,-2.7485610E-003, 0.0000000E+000, 0.0000000E+000, 3.6085761E-002,-6.8152391E-001,-5.2109125E-001,-2.1235456E-009, 2.6961667E-006, 2.4078697E-009, 4.4883414E-005
 7.1110527E+001, 4.6080672E-002,-4.2835531E-002,-5.4843086E-001,-2.7313818E-003, 0.0000000E+000, 0.0000000E+000, 3.5365777E-002,-6.7337031E-001,-5.1255132E-001,-2.1222727E-009, 2.6952404E-006, 2.4064263E-009, 4.4871076E-005
 7.1304176E+001, 4.6064803E-002,-4.2524044E-002,-5.3859639E-001,-2.7319143E-003, 0.0000000E+000, 0.0000000E+000, 3.4565943E-002,-6.6453538E-001,-5.0322160E-001,-2.1210079E-009, 2.6943208E-006, 2.4049923E-009, 4.4858818E-005
 7.1497826E+001, 4.6046121E-002,-4.2138620E-002,-5.2627909E-001,-2.6855906E-003, 0.0000000E+000, 0.0000000E+000, 3.3613762E-002,-6.5302027E-001,-4.9144342E-001,-2.1195028E-009, 2.6932251E-006, 2.4032856E-009, 4.4844201E-005
 7.1691475E+001, 4.6027403E-002,-4.1822066E-002,-5.1316311E-001,-2.6487427E-003, 0.0000000E+000, 0.0000000E+000, 3.2731308E-002,-6.4062590E-001,-4.7887521E-001,-2.1180122E-009, 2.6921384E-006, 2.4015954E-009, 4.4829691E-005
 7.1820572E+001, 4.6011972E-002,-4.1479173E-002,-5.0190594E-001,-2.6403908E-003, 0.0000000E+000, 0.0000000E+000, 3.1976144E-002,-6.2981948E-001,-4.6803739E-001,-2.1167766E-009, 2.6912392E-006, 2.4001944E-009, 4.4817676E-005
 7.2014221E+001, 4.5996660E-002,-4.1344309E-002,-4.9081288E-001,-2.6114128E-003, 0.0000000E+000, 0.0000000E+000, 3.1306206E-002,-6.1876989E-001,-4.5746573E-001,-2.1155569E-009, 2.6903459E-006, 2.3988114E-009, 4.4805730E-005
 7.2207870E+001, 4.5978156E-002,-4.1061993E-002,-4.7858964E-001,-2.6128521E-003, 0.0000000E+000, 0.0000000E+000, 3.0456639E-002,-6.0645509E-001,-4.4582969E-001,-2.1141014E-009, 2.6892813E-006, 2.3971610E-009, 4.4791484E-005
 7.2401520E+001, 4.5960008E-002,-4.0721694E-002,-4.6761029E-001,-2.5909214E-003, 0.0000000E+000, 0.0000000E+000, 2.9590785E-002,-5.9502234E-001,-4.3537211E-001,-2.1126730E-009, 2.6882250E-006, 2.3955413E-009, 4.4777335E-005
 7.2595169E+001, 4.5941682E-002,-4.0412918E-002,-4.5777483E-001,-2.5319892E-003, 0.0000000E+000, 0.0000000E+000, 2.8758368E-002,-5.8443006E-001,-4.2601968E-001,-2.1112400E-009, 2.6871768E-006, 2.3939165E-009, 4.4763285E-005
 7.2724274E+001, 4.5926866E-002,-4.0238097E-002,-4.4978067E-001,-2.5360928E-003, 0.0000000E+000, 0.0000000E+000, 2.8097475E-002,-5.7592518E-001,-4.1853052E-001,-2.1100506E-009, 2.6863091E-006, 2.3925678E-009, 4.4751645E-005
 7.2917915E+001, 4.5911933E-002,-3.9962196E-002,-4.4146710E-001,-2.5191436E-003, 0.0000000E+000, 0.0000000E+000, 2.7432694E-002,-5.6696790E-001,-4.1060382E-001,-2.1088718E-009, 2.6854472E-006, 2.3912312E-009, 4.4740075E-005
 7.3111565E+001, 4.5894244E-002,-3.9703169E-002,-4.3085385E-001,-2.5221630E-003, 0.0000000E+000, 0.0000000E+000, 2.6646639E-002,-5.5578384E-001,-4.0053830E-001,-2.1074710E-009, 2.6844196E-006, 2.3896428E-009, 4.4726270E-005
 7.3305214E+001, 4.5876745E-002,-3.9408344E-002,-4.2004900E-001,-2.5301532E-003, 0.0000000E+000, 0.0000000E+000, 2.5845390E-002,-5.4436911E-001,-3.9026536E-001,-2.1060826E-009, 2.6833994E-006, 2.3880686E-009, 4.4712554E-005
 7.3498863E+001, 4.5859356E-002,-3.9099967E-002,-4.1035005E-001,-2.4895278E-003, 0.0000000E+000, 0.0000000E+000, 2.5039733E-002,-5.3400865E-001,-3.8104045E-001,-2.1047117E-009, 2.6823869E-006, 2.3865141E-009, 4.4698930E-005
 7.3627968E+001, 4.5845042E-002,-3.8911756E-002,-4.0374984E-001,-2.4929618E-003, 0.0000000E+000, 0.0000000E+000, 2.4432306E-002,-5.2670287E-001,-3.7487721E-001,-2.1035760E-009, 2.6815487E-006, 2.3852263E-009, 4.4687643E-005
 7.3821617E+001, 4.5830738E-002,-3.8672864E-002,-3.9831905E-001,-2.4618070E-003, 0.0000000E+000, 0.0000000E+000, 2.3774262E-002,-5.2089616E-001,-3.6984872E-001,-2.1024469E-009, 2.6807160E-006, 2.3839460E-009, 4.4676422E-005
 7.4015266E+001, 4.5813606E-002,-3.8431678E-002,-3.9315741E-001,-2.4471120E-003, 0.0000000E+000, 0.0000000E+000, 2.3016313E-002,-5.1514440E-001,-3.6520628E-001,-2.1011079E-009, 2.6797230E-006, 2.3824278E-009, 4.4663032E-005
 7.4208916E+001, 4.5796674E-002,-3.8171885E-002,-3.8925929E-001,-2.4410414E-003, 0.0000000E+000, 0.0000000E+000, 2.2248952E-002,-5.1051197E-001,-3.6182659E-001,-2.0997681E-009, 2.6787372E-006, 2.3809086E-009, 4.4649729E-005
 7.4402565E+001, 4.5779810E-002,-3.7853388E-002,-3.8682479E-001,-2.4426619E-003, 0.0000000E+000, 0.0000000E+000, 2.1446119E-002,-5.0723598E-001,-3.5989492E-001,-2.0984340E-009, 2.6777586E-006, 2.3793958E-009, 4.4636512E-005
 7.4531662E+001, 4.5765722E-002,-3.7548609E-002,-3.8660517E-001,-2.4087774E-003, 0.0000000E+000, 0.0000000E+000, 2.0789083E-002,-5.0607919E-001,-3.6000775E-001,-2.0973342E-009, 2.6769488E-006, 2.3781488E-009, 4.4625566E-005
 7.4725311E+001, 4.5751923E-002,-3.7421927E-002,-3.8887129E-001,-2.4086676E-003, 0.0000000E+000, 0.0000000E+000, 2.0223011E-002,-5.0719018E-001,-3.6272695E-001,-2.0962522E-009, 2.6761439E-006, 2.3769220E-009, 4.4614679E-005
 7.4918961E+001, 4.5735407E-002,-3.7175615E-002,-3.9317114E-001,-2.3933646E-003, 0.0000000E+000, 0.0000000E+000, 1.9500633E-002,-5.1043532E-001,-3.6750408E-001,-2.0949648E-009, 2.6751842E-006, 2.3754621E-009, 4.4601690E-005
 7.5112610E+001, 4.5718957E-002,-3.6918904E-002,-3.9704901E-001,-2.3709741E-003, 0.0000000E+000, 0.0000000E+000, 1.8774284E-002,-5.1358796E-001,-3.7184565E-001,-2.0936905E-009, 2.6742313E-006, 2.3740172E-009, 4.4588782E-005
 7.5241707E+001, 4.5705444E-002,-3.6708123E-002,-3.9888491E-001,-2.3756882E-003, 0.0000000E+000, 0.0000000E+000, 1.8153711E-002,-5.1505978E-001,-3.7410956E-001,-2.0926431E-009, 2.6734421E-006, 2.3728296E-009, 4.4578085E-005
 7.5435356E+001, 4.5691974E-002,-3.6403145E-002,-3.9879691E-001,-2.3536283E-003, 0.0000000E+000, 0.0000000E+000, 1.7531202E-002,-5.1472027E-001,-3.7433051E-001,-2.0916079E-009, 2.6726583E-006, 2.3716558E-009, 4.4567452E-005
 7.5629005E+001, 4.5675963E-002,-3.6132461E-002,-3.9608572E-001,-2.3132723E-003, 0.0000000E+000, 0.0000000E+000, 1.6830639E-002,-5.1171309E-001,-3.7202485E-001,-2.0903626E-009, 2.6717237E-006, 2.3702438E-009, 4.4554765E-005
 7.5822655E+001, 4.5660004E-002,-3.5880713E-002,-3.9088453E-001,-2.2939656E-003, 0.0000000E+000, 0.0000000E+000, 1.6146610E-002,-5.0628199E-001,-3.6725259E-001,-2.0891191E-009, 2.6707955E-006, 2.3688337E-009, 4.4542157E-005
 7.6016304E+001, 4.5644025E-002,-3.5632750E-002,-3.8349350E-001,-2.2438485E-003, 0.0000000E+000, 0.0000000E+000, 1.5467324E-002,-4.9866805E-001,-3.6025875E-001,-2.0878836E-009, 2.6698738E-006, 2.3674329E-009, 4.4529626E-005
 7.6145409E+001, 4.5630881E-002,-3.5446109E-002,-3.7584697E-001,-2.2670075E-003, 0.0000000E+000, 0.0000000E+000, 1.4933588E-002,-4.9124090E-001,-3.5299562E-001,-2.0868580E-009, 2.6691103E-006, 2.3662700E-009, 4.4519239E-005
 7.6339058E+001, 4.5617811E-002,-3.5147173E-002,-3.6766279E-001,-2.2382821E-003, 0.0000000E+000, 0.0000000E+000, 1.4300091E-002,-4.8329366E-001,-3.4513034E-001,-2.0858377E-009, 2.6683518E-006, 2.3651131E-009, 4.4508911E-005
 7.6532707E+001, 4.5602249E-002,-3.4893514E-002,-3.5780341E-001,-2.2042998E-003, 0.0000000E+000, 0.0000000E+000, 1.3649404E-002,-4.7402307E-001,-3.3564957E-001,-2.0846228E-009, 2.6674472E-006, 2.3637355E-009, 4.4496586E-005
 7.6726357E+001, 4.5586652E-002,-3.4661879E-002,-3.4902533E-001,-2.1959562E-003, 0.0000000E+000, 0.0000000E+000, 1.3019548E-002,-4.6611670E-001,-3.2727697E-001,-2.0834295E-009, 2.6665486E-006, 2.3623823E-009, 4.4484335E-005
 7.6919998E+001, 4.5571317E-002,-3.4439522E-002,-3.4206188E-001,-2.1925590E-003, 0.0000000E+000, 0.0000000E+000, 1.2395179E-002,-4.6021354E-001,-3.2072747E-001,-2.0822662E-009, 2.6656560E-006, 2.3610633E-009, 4.4472155E-005
 7.7049103E+001, 4.5558752E-002,-3.4164525E-002,-3.3741247E-001,-2.1917418E-003, 0.0000000E+000, 0.0000000E+000, 1.1832271E-002,-4.5653625E-001,-3.1637772E-001,-2.0813010E-009, 2.6649166E-006, 2.3599689E-009, 4.4462058E-005
 7.7242752E+001, 4.5546064E-002,-3.4006103E-002,-3.3371942E-001,-2.1787848E-003, 0.0000000E+000, 0.0000000E+000, 1.1324344E-002,-4.5355727E-001,-3.1303390E-001,-2.0803352E-009, 2.6641813E-006, 2.3588738E-009, 4.4452011E-005
 7.7436401E+001, 4.5531135E-002,-3.3749207E-002,-3.3016713E-001,-2.1858993E-003, 0.0000000E+000, 0.0000000E+000, 1.0701164E-002,-4.5066703E-001,-3.0986993E-001,-2.0791725E-009, 2.6633044E-006, 2.3575554E-009, 4.4440021E-005
 7.7630051E+001, 4.5516257E-002,-3.3515864E-002,-3.2784342E-001,-2.1599057E-003, 0.0000000E+000, 0.0000000E+000, 1.0104736E-002,-4.4865141E-001,-3.0789820E-001,-2.0780003E-009, 2.6624333E-006, 2.3562263E-009, 4.4428101E-005
 7.7823700E+001, 4.5501401E-002,-3.3296717E-002,-3.2613910E-001,-2.1442443E-003, 0.0000000E+000, 0.0000000E+000, 9.5141964E-003,-4.4704976E-001,-3.0656447E-001,-2.0768246E-009, 2.6615676E-006, 2.3548932E-009, 4.4416247E-005
 7.7952797E+001, 4.5489143E-002,-3.3157214E-002,-3.2501311E-001,-2.1314489E-003, 0.0000000E+000, 0.0000000E+000, 9.0249744E-003,-4.4580473E-001,-3.0578766E-001,-2.0758428E-009, 2.6608503E-006, 2.3537799E-009, 4.4406417E-005
 7.8146446E+001, 4.5476865E-002,-3.2892083E-002,-3.2416222E-001,-2.1155616E-003, 0.0000000E+000, 0.0000000E+000, 8.5140270E-003,-4.4451607E-001,-3.0517897E-001,-2.0748614E-009, 2.6601371E-006, 2.3526671E-009, 4.4396637E-005
 7.8340096E+001, 4.5462265E-002,-3.2620185E-002,-3.2312185E-001,-2.0895967E-003, 0.0000000E+000, 0.0000000E+000, 7.9080947E-003,-4.4276278E-001,-3.0446127E-001,-2.0736925E-009, 2.6592862E-006, 2.3513417E-009, 4.4384961E-005
 7.8533745E+001, 4.5447708E-002,-3.2383933E-002,-3.2195672E-001,-2.0861465E-003, 0.0000000E+000, 0.0000000E+000, 7.3416917E-003,-4.4067335E-001,-3.0363740E-001,-2.0725248E-009, 2.6584408E-006, 2.3500176E-009, 4.4373351E-005
 7.8662842E+001, 4.5435543E-002,-3.2228949E-002,-3.2057549E-001,-2.0487891E-003, 0.0000000E+000, 0.0000000E+000, 6.9058700E-003,-4.3831367E-001,-3.0251181E-001,-2.0715515E-009, 2.6577400E-006, 2.3489141E-009, 4.4363723E-005
 7.8856491E+001, 4.5423490E-002,-3.2020770E-002,-3.1886675E-001,-2.0800853E-003, 0.0000000E+000, 0.0000000E+000, 6.4150527E-003,-4.3548869E-001,-3.0112906E-001,-2.0705844E-009, 2.6570432E-006, 2.3478175E-009, 4.4354142E-005
 7.9050140E+001, 4.5409062E-002,-3.1790332E-002,-3.1629113E-001,-2.0430404E-003, 0.0000000E+000, 0.0000000E+000, 5.8503258E-003,-4.3152413E-001,-2.9886511E-001,-2.0694271E-009, 2.6562116E-006, 2.3465052E-009, 4.4342700E-005
 7.9243790E+001, 4.5394871E-002,-3.1511295E-002,-3.1256123E-001,-2.0003328E-003, 0.0000000E+000, 0.0000000E+000, 5.2550645E-003,-4.2663778E-001,-2.9542292E-001,-2.0682781E-009, 2.6553851E-006, 2.3452023E-009, 4.4331321E-005
 7.9437439E+001, 4.5380650E-002,-3.1281916E-002,-3.0771101E-001,-1.9887710E-003, 0.0000000E+000, 0.0000000E+000, 4.7071730E-003,-4.2090541E-001,-2.9089387E-001,-2.0671401E-009, 2.6545640E-006, 2.3439120E-009, 4.4320006E-005
 7.9566544E+001, 4.5368878E-002,-3.1033686E-002,-3.0323758E-001,-1.9700302E-003, 0.0000000E+000, 0.0000000E+000, 4.2293425E-003,-4.1610911E-001,-2.8664307E-001,-2.0662006E-009, 2.6538835E-006, 2.3428467E-009, 4.4310624E-005
 7.9760193E+001, 4.5357312E-002,-3.0936273E-002,-2.9895578E-001,-1.9483992E-003, 0.0000000E+000, 0.0000000E+000, 3.8143458E-003,-4.1172677E-001,-2.8266879E-001,-2.0652651E-009, 2.6532064E-006, 2.3417860E-009, 4.4301283E-005
 7.9953842E+001, 4.5343445E-002,-3.0730229E-002,-2.9406599E-001,-1.9430498E-003, 0.0000000E+000, 0.0000000E+000, 3.2691164E-003,-4.0740280E-001,-2.7812671E-001,-2.0641375E-009, 2.6523984E-006, 2.3405073E-009, 4.4290129E-005
 8.0147491E+001, 4.5329618E-002,-3.0477586E-002,-2.8987638E-001,-1.9002138E-003, 0.0000000E+000, 0.0000000E+000, 2.6974292E-003,-4.0428273E-001,-2.7422713E-001,-2.0630102E-009, 2.6515954E-006, 2.3392291E-009, 4.4279036E-005
 8.0341141E+001, 4.5316062E-002,-3.0245349E-002,-2.8687201E-001,-1.9075973E-003, 0.0000000E+000, 0.0000000E+000, 2.1483377E-003,-4.0247402E-001,-2.7156056E-001,-2.0618996E-009, 2.6507975E-006, 2.3379699E-009, 4.4268005E-005
 8.0470238E+001, 4.5304640E-002,-3.0110080E-002,-2.8578715E-001,-1.8803813E-003, 0.0000000E+000, 0.0000000E+000, 1.7113189E-003,-4.0234339E-001,-2.7076165E-001,-2.0609714E-009, 2.6501362E-006, 2.3369173E-009, 4.4258856E-005
 8.0663887E+001, 4.5293477E-002,-2.9902574E-002,-2.8578488E-001,-1.8868886E-003, 0.0000000E+000, 0.0000000E+000, 1.2723080E-003,-4.0336457E-001,-2.7100855E-001,-2.0600417E-009, 2.6494785E-006, 2.3358632E-009, 4.4249753E-005
 8.0857536E+001, 4.5279997E-002,-2.9700092E-002,-2.8564572E-001,-1.8874463E-003, 0.0000000E+000, 0.0000000E+000, 7.4935322E-004,-4.0454094E-001,-2.7120391E-001,-2.0589314E-009, 2.6486934E-006, 2.3346043E-009, 4.4238878E-005
 8.1051186E+001, 4.5266690E-002,-2.9465048E-002,-2.8441044E-001,-1.8772194E-003, 0.0000000E+000, 0.0000000E+000, 2.0928996E-004,-4.0425059E-001,-2.7027673E-001,-2.0578222E-009, 2.6479131E-006, 2.3333466E-009, 4.4228062E-005
 8.1180283E+001, 4.5255506E-002,-2.9280625E-002,-2.8248875E-001,-1.8727015E-003, 0.0000000E+000, 0.0000000E+000,-2.2268840E-004,-4.0266638E-001,-2.6860926E-001,-2.0569030E-009, 2.6472663E-006, 2.3323043E-009, 4.4219091E-005
 8.1373932E+001, 4.5244459E-002,-2.9069722E-002,-2.7987894E-001,-1.8622257E-003, 0.0000000E+000, 0.0000000E+000,-6.8131789E-004,-4.0011323E-001,-2.6624775E-001,-2.0559951E-009, 2.6466233E-006, 2.3312748E-009, 4.4210166E-005
 8.1567581E+001, 4.5231339E-002,-2.8868005E-002,-2.7684572E-001,-1.8276398E-003, 0.0000000E+000, 0.0000000E+000,-1.1872425E-003,-3.9647280E-001,-2.6349727E-001,-2.0549143E-009, 2.6458557E-006, 2.3300493E-009, 4.4199506E-005
 8.1761230E+001, 4.5218245E-002,-2.8674163E-002,-2.7453652E-001,-1.8159517E-003, 0.0000000E+000, 0.0000000E+000,-1.6928003E-003,-3.9312587E-001,-2.6150119E-001,-2.0538284E-009, 2.6450927E-006, 2.3288180E-009, 4.4188902E-005
 8.1954880E+001, 4.5205093E-002,-2.8466178E-002,-2.7336009E-001,-1.7952938E-003, 0.0000000E+000, 0.0000000E+000,-2.2084076E-003,-3.9048604E-001,-2.6062488E-001,-2.0527466E-009, 2.6443343E-006, 2.3275913E-009, 4.4178354E-005
 8.2083977E+001, 4.5194301E-002,-2.8180385E-002,-2.7309964E-001,-1.7730184E-003, 0.0000000E+000, 0.0000000E+000,-2.7020149E-003,-3.8891532E-001,-2.6056076E-001,-2.0518569E-009, 2.6437059E-006, 2.3265826E-009, 4.4169607E-005
 8.2277626E+001, 4.5183536E-002,-2.8071602E-002,-2.7374174E-001,-1.7965593E-003, 0.0000000E+000, 0.0000000E+000,-3.0907151E-003,-3.8801141E-001,-2.6151708E-001,-2.0509658E-009, 2.6430807E-006, 2.3255721E-009, 4.4160901E-005
 8.2471275E+001, 4.5170577E-002,-2.7867560E-002,-2.7500675E-001,-1.8063823E-003, 0.0000000E+000, 0.0000000E+000,-3.5873097E-003,-3.8762631E-001,-2.6309743E-001,-2.0498943E-009, 2.6423348E-006, 2.3243571E-009, 4.4150505E-005
 8.2664925E+001, 4.5157821E-002,-2.7675885E-002,-2.7655379E-001,-1.7899519E-003, 0.0000000E+000, 0.0000000E+000,-4.0826877E-003,-3.8758659E-001,-2.6494449E-001,-2.0488310E-009, 2.6415932E-006, 2.3231515E-009, 4.4140164E-005
 8.2858574E+001, 4.5145063E-002,-2.7478712E-002,-2.7760596E-001,-1.7884152E-003, 0.0000000E+000, 0.0000000E+000,-4.5864875E-003,-3.8737555E-001,-2.6631451E-001,-2.0477787E-009, 2.6408562E-006, 2.3219583E-009, 4.4129877E-005
 8.2987679E+001, 4.5134569E-002,-2.7317122E-002,-2.7759696E-001,-1.8051040E-003, 0.0000000E+000, 0.0000000E+000,-5.0203756E-003,-3.8663970E-001,-2.6660499E-001,-2.0469088E-009, 2.6402452E-006, 2.3209719E-009, 4.4121345E-005
 8.3181328E+001, 4.5124137E-002,-2.7083703E-002,-2.7656434E-001,-1.7617012E-003, 0.0000000E+000, 0.0000000E+000,-5.4578444E-003,-3.8507631E-001,-2.6574345E-001,-2.0460319E-009, 2.6396378E-006, 2.3199776E-009, 4.4112856E-005
 8.3374977E+001, 4.5111738E-002,-2.6877937E-002,-2.7371631E-001,-1.7563750E-003, 0.0000000E+000, 0.0000000E+000,-5.9505267E-003,-3.8200140E-001,-2.6318941E-001,-2.0449741E-009, 2.6389129E-006, 2.3187781E-009, 4.4102719E-005
 8.3568626E+001, 4.5099375E-002,-2.6687419E-002,-2.6938154E-001,-1.7328340E-003, 0.0000000E+000, 0.0000000E+000,-6.4332976E-003,-3.7785403E-001,-2.5913572E-001,-2.0439153E-009, 2.6381923E-006, 2.3175776E-009, 4.4092635E-005
 8.3762276E+001, 4.5086998E-002,-2.6499759E-002,-2.6430564E-001,-1.7105497E-003, 0.0000000E+000, 0.0000000E+000,-6.9160694E-003,-3.7316321E-001,-2.5434502E-001,-2.0428502E-009, 2.6374760E-006, 2.3163699E-009, 4.4082603E-005
 8.3891373E+001, 4.5076900E-002,-2.6358767E-002,-2.5972675E-001,-1.6981071E-003, 0.0000000E+000, 0.0000000E+000,-7.2977684E-003,-3.6922588E-001,-2.5000449E-001,-2.0419535E-009, 2.6368822E-006, 2.3153531E-009, 4.4074282E-005
 8.4085022E+001, 4.5066697E-002,-2.6126980E-002,-2.5547637E-001,-1.6873441E-003, 0.0000000E+000, 0.0000000E+000,-7.7617023E-003,-3.6580629E-001,-2.4598570E-001,-2.0410534E-009, 2.6362918E-006, 2.3143326E-009, 4.4066001E-005
 8.4278671E+001, 4.5054582E-002,-2.5929976E-002,-2.5110103E-001,-1.6834204E-003, 0.0000000E+000, 0.0000000E+000,-8.2454074E-003,-3.6259588E-001,-2.4190525E-001,-2.0399792E-009, 2.6355871E-006, 2.3131145E-009, 4.4056113E-005
 8.4472321E+001, 4.5042527E-002,-2.5747303E-002,-2.4799968E-001,-1.6437935E-003, 0.0000000E+000, 0.0000000E+000,-8.7177022E-003,-3.6063976E-001,-2.3906595E-001,-2.0389164E-009, 2.6348867E-006, 2.3119094E-009, 4.4046277E-005
 8.4601418E+001, 4.5032598E-002,-2.5536359E-002,-2.4642211E-001,-1.6360272E-003, 0.0000000E+000, 0.0000000E+000,-9.1379930E-003,-3.5998635E-001,-2.3769989E-001,-2.0380419E-009, 2.6343063E-006, 2.3109178E-009, 4.4038120E-005
 8.4795067E+001, 4.5022686E-002,-2.5444436E-002,-2.4581018E-001,-1.6343767E-003, 0.0000000E+000, 0.0000000E+000,-9.5008568E-003,-3.6019512E-001,-2.3736716E-001,-2.0371724E-009, 2.6337286E-006, 2.3099319E-009, 4.4029998E-005
 8.4988716E+001, 4.5010944E-002,-2.5217894E-002,-2.4596824E-001,-1.6221429E-003, 0.0000000E+000, 0.0000000E+000,-9.9791316E-003,-3.6094529E-001,-2.3777647E-001,-2.0361325E-009, 2.6330393E-006, 2.3087527E-009, 4.4020298E-005
 8.5182365E+001, 4.4999143E-002,-2.5007357E-002,-2.4610422E-001,-1.5997519E-003, 0.0000000E+000, 0.0000000E+000,-1.0459725E-002,-3.6160178E-001,-2.3817191E-001,-2.0351034E-009, 2.6323541E-006, 2.3075859E-009, 4.4010650E-005
 8.5376015E+001, 4.4987511E-002,-2.4815114E-002,-2.4591674E-001,-1.6005685E-003, 0.0000000E+000, 0.0000000E+000,-1.0926523E-002,-3.6150380E-001,-2.3827143E-001,-2.0340887E-009, 2.6316732E-006, 2.3064353E-009, 4.4001054E-005
 8.5505112E+001, 4.4977803E-002,-2.4700181E-002,-2.4531480E-001,-1.6024966E-003, 0.0000000E+000, 0.0000000E+000,-1.1309445E-002,-3.6061554E-001,-2.3794912E-001,-2.0332476E-009, 2.6311086E-006, 2.3054815E-009, 4.3993093E-005
 8.5698761E+001, 4.4968246E-002,-2.4510601E-002,-2.4409003E-001,-1.5808843E-003, 0.0000000E+000, 0.0000000E+000,-1.1701763E-002,-3.5887758E-001,-2.3691503E-001,-2.0324063E-009, 2.6305472E-006, 2.3045277E-009, 4.3985171E-005
 8.5892410E+001, 4.4956724E-002,-2.4301537E-002,-2.4197997E-001,-1.5461748E-003, 0.0000000E+000, 0.0000000E+000,-1.2187622E-002,-3.5589074E-001,-2.3505858E-001,-2.0313953E-009, 2.6298770E-006, 2.3033813E-009, 4.3975708E-005
 8.6086060E+001, 4.4945314E-002,-2.4082082E-002,-2.3913026E-001,-1.5373631E-003, 0.0000000E+000, 0.0000000E+000,-1.2670666E-002,-3.5189632E-001,-2.3247506E-001,-2.0303828E-009, 2.6292111E-006, 2.3022332E-009, 4.3966298E-005
 8.6279709E+001, 4.4933813E-002,-2.3893879E-002,-2.3550731E-001,-1.5192940E-003, 0.0000000E+000, 0.0000000E+000,-1.3117312E-002,-3.4697109E-001,-2.2910398E-001,-2.0293857E-009, 2.6285493E-006, 2.3011027E-009, 4.3956938E-005
 8.6408813E+001, 4.4924441E-002,-2.3771426E-002,-2.3174207E-001,-1.5162957E-003, 0.0000000E+000, 0.0000000E+000,-1.3457128E-002,-3.4236236E-001,-2.2556248E-001,-2.0285623E-009, 2.6280006E-006, 2.3001689E-009, 4.3949173E-005
 8.6602463E+001, 4.4914775E-002,-2.3608243E-002,-2.2746481E-001,-1.4714261E-003, 0.0000000E+000, 0.0000000E+000,-1.3835971E-002,-3.3751178E-001,-2.2146568E-001,-2.0277432E-009, 2.6274548E-006, 2.2992402E-009, 4.3941444E-005
 8.6796112E+001, 4.4903602E-002,-2.3428993E-002,-2.2202990E-001,-1.4561406E-003, 0.0000000E+000, 0.0000000E+000,-1.4266736E-002,-3.3158108E-001,-2.1627817E-001,-2.0267764E-009, 2.6268031E-006, 2.2981439E-009, 4.3932209E-005
 8.6989761E+001, 4.4892355E-002,-2.3212233E-002,-2.1616805E-001,-1.4213892E-003, 0.0000000E+000, 0.0000000E+000,-1.4719293E-002,-3.2564696E-001,-2.1062861E-001,-2.0258284E-009, 2.6261552E-006, 2.2970690E-009, 4.3923021E-005
 8.7183411E+001, 4.4881223E-002,-2.3035717E-002,-2.1023765E-001,-1.3836357E-003, 0.0000000E+000, 0.0000000E+000,-1.5133068E-002,-3.1993248E-001,-2.0490884E-001,-2.0248888E-009, 2.6255110E-006, 2.2960036E-009, 4.3913880E-005
 8.7312508E+001, 4.4872189E-002,-2.2844283E-002,-2.0547031E-001,-1.3810638E-003, 0.0000000E+000, 0.0000000E+000,-1.5492834E-002,-3.1560075E-001,-2.0031630E-001,-2.0241177E-009, 2.6249770E-006, 2.2951292E-009, 4.3906297E-005
 8.7506157E+001, 4.4863029E-002,-2.2770097E-002,-2.0109499E-001,-1.3651270E-003, 0.0000000E+000, 0.0000000E+000,-1.5796884E-002,-3.1184941E-001,-1.9616407E-001,-2.0233503E-009, 2.6244454E-006, 2.2942591E-009, 4.3898743E-005
 8.7699806E+001, 4.4852164E-002,-2.2611160E-002,-1.9690456E-001,-1.3204959E-003, 0.0000000E+000, 0.0000000E+000,-1.6193451E-002,-3.0833758E-001,-1.9217750E-001,-2.0224380E-009, 2.6238107E-006, 2.2932246E-009, 4.3889718E-005
 8.7893456E+001, 4.4841474E-002,-2.2415029E-002,-1.9330358E-001,-1.3199206E-003, 0.0000000E+000, 0.0000000E+000,-1.6601556E-002,-3.0560899E-001,-1.8879861E-001,-2.0215311E-009, 2.6231793E-006, 2.2921963E-009, 4.3880735E-005
 8.8022552E+001, 4.4832536E-002,-2.2294626E-002,-1.9072868E-001,-1.2936099E-003, 0.0000000E+000, 0.0000000E+000,-1.6920556E-002,-3.0366367E-001,-1.8640493E-001,-2.0207703E-009, 2.6226558E-006, 2.2913336E-009, 4.3873282E-005
 8.8216202E+001, 4.4823637E-002,-2.2124938E-002,-1.8844138E-001,-1.3162289E-003, 0.0000000E+000, 0.0000000E+000,-1.7235541E-002,-3.0188665E-001,-1.8429445E-001,-2.0200041E-009, 2.6221349E-006, 2.2904649E-009, 4.3865860E-005
 8.8409851E+001, 4.4813057E-002,-2.1969853E-002,-1.8583826E-001,-1.2724508E-003, 0.0000000E+000, 0.0000000E+000,-1.7600792E-002,-2.9969793E-001,-1.8186830E-001,-2.0190904E-009, 2.6215126E-006, 2.2894289E-009, 4.3856989E-005
 8.8603500E+001, 4.4802374E-002,-2.1815414E-002,-1.8342353E-001,-1.2637783E-003, 0.0000000E+000, 0.0000000E+000,-1.7965040E-002,-2.9745071E-001,-1.7966539E-001,-2.0181855E-009, 2.6208934E-006, 2.2884028E-009, 4.3848157E-005
 8.8797150E+001, 4.4791797E-002,-2.1637076E-002,-1.8105787E-001,-1.2438826E-003, 0.0000000E+000, 0.0000000E+000,-1.8337621E-002,-2.9486250E-001,-1.7748465E-001,-2.0172861E-009, 2.6202775E-006, 2.2873830E-009, 4.3839364E-005
 8.8926247E+001, 4.4783059E-002,-2.1498373E-002,-1.7896014E-001,-1.2264374E-003, 0.0000000E+000, 0.0000000E+000,-1.8630393E-002,-2.9229003E-001,-1.7553228E-001,-2.0165472E-009, 2.6197666E-006, 2.2865451E-009, 4.3832066E-005
 8.9119896E+001, 4.4774255E-002,-2.1338226E-002,-1.7655271E-001,-1.2359920E-003, 0.0000000E+000, 0.0000000E+000,-1.8940844E-002,-2.8939725E-001,-1.7329352E-001,-2.0158200E-009, 2.6192581E-006, 2.2857206E-009, 4.3824799E-005
 8.9313545E+001, 4.4763755E-002,-2.1186247E-002,-1.7390544E-001,-1.2100971E-003, 0.0000000E+000, 0.0000000E+000,-1.9273595E-002,-2.8562298E-001,-1.7081163E-001,-2.0149562E-009, 2.6186505E-006, 2.2847411E-009, 4.3816110E-005
 8.9507195E+001, 4.4753285E-002,-2.1039973E-002,-1.7110043E-001,-1.2152371E-003, 0.0000000E+000, 0.0000000E+000,-1.9604302E-002,-2.8171537E-001,-1.6820666E-001,-2.0140974E-009, 2.6180459E-006, 2.2837674E-009, 4.3807458E-005
 8.9700844E+001, 4.4742958E-002,-2.0883158E-002,-1.6850051E-001,-1.2115221E-003, 0.0000000E+000, 0.0000000E+000,-1.9938443E-002,-2.7793385E-001,-1.6579068E-001,-2.0132448E-009, 2.6174442E-006, 2.2828006E-009, 4.3798841E-005
 8.9829948E+001, 4.4734414E-002,-2.0665339E-002,-1.6622948E-001,-1.2081253E-003, 0.0000000E+000, 0.0000000E+000,-2.0269769E-002,-2.7488720E-001,-1.6363830E-001,-2.0125339E-009, 2.6169450E-006, 2.2819945E-009, 4.3791688E-005
 9.0023598E+001, 4.4725733E-002,-2.0586127E-002,-1.6362066E-001,-1.1765748E-003, 0.0000000E+000, 0.0000000E+000,-2.0519564E-002,-2.7178601E-001,-1.6117719E-001,-2.0118257E-009, 2.6164479E-006, 2.2811915E-009, 4.3784562E-005
 9.0217247E+001, 4.4715586E-002,-2.0436320E-002,-1.6032377E-001,-1.1959591E-003, 0.0000000E+000, 0.0000000E+000,-2.0834752E-002,-2.6817657E-001,-1.5807522E-001,-2.0109833E-009, 2.6158540E-006, 2.2802363E-009, 4.3776043E-005
 9.0410896E+001, 4.4705457E-002,-2.0297438E-002,-1.5703114E-001,-1.1666063E-003, 0.0000000E+000, 0.0000000E+000,-2.1143705E-002,-2.6468168E-001,-1.5493343E-001,-2.0101525E-009, 2.6152629E-006, 2.2792942E-009, 4.3767559E-005
 9.0604546E+001, 4.4695361E-002,-2.0155962E-002,-1.5341852E-001,-1.1707889E-003, 0.0000000E+000, 0.0000000E+000,-2.1456632E-002,-2.6131116E-001,-1.5150654E-001,-2.0093175E-009, 2.6146746E-006, 2.2783474E-009, 4.3759108E-005
 9.0733643E+001, 4.4687098E-002,-2.0038831E-002,-1.5038660E-001,-1.1341490E-003, 0.0000000E+000, 0.0000000E+000,-2.1728692E-002,-2.5853111E-001,-1.4860117E-001,-2.0086194E-009, 2.6141863E-006, 2.2775559E-009, 4.3752091E-005
 9.0927292E+001, 4.4678653E-002,-1.9869920E-002,-1.4711121E-001,-1.1480451E-003, 0.0000000E+000, 0.0000000E+000,-2.2004071E-002,-2.5585992E-001,-1.4545459E-001,-2.0079226E-009, 2.6137002E-006, 2.2767658E-009, 4.3745101E-005
 9.1120941E+001, 4.4668795E-002,-1.9723731E-002,-1.4356011E-001,-1.1286017E-003, 0.0000000E+000, 0.0000000E+000,-2.2307597E-002,-2.5286097E-001,-1.4205124E-001,-2.0070919E-009, 2.6131193E-006, 2.2758239E-009, 4.3736743E-005
 9.1314590E+001, 4.4658835E-002,-1.9589169E-002,-1.4029411E-001,-1.1032622E-003, 0.0000000E+000, 0.0000000E+000,-2.2604608E-002,-2.5028520E-001,-1.3893231E-001,-2.0062680E-009, 2.6125410E-006, 2.2748896E-009, 4.3728418E-005
 9.1443687E+001, 4.4650633E-002,-1.9500684E-002,-1.3817756E-001,-1.1014649E-003, 0.0000000E+000, 0.0000000E+000,-2.2832022E-002,-2.4851907E-001,-1.3696110E-001,-2.0055858E-009, 2.6120611E-006, 2.2741161E-009, 4.3721504E-005
 9.1637337E+001, 4.4642455E-002,-1.9359054E-002,-1.3655862E-001,-1.0909279E-003, 0.0000000E+000, 0.0000000E+000,-2.3105215E-002,-2.4726868E-001,-1.3547136E-001,-2.0049055E-009, 2.6115831E-006, 2.2733447E-009, 4.3714615E-005
 9.1830986E+001, 4.4632661E-002,-1.9180314E-002,-1.3527744E-001,-1.0830278E-003, 0.0000000E+000, 0.0000000E+000,-2.3432558E-002,-2.4621500E-001,-1.3434068E-001,-2.0040915E-009, 2.6110119E-006, 2.2724217E-009, 4.3706377E-005
 9.2024635E+001, 4.4622908E-002,-1.9033720E-002,-1.3449214E-001,-1.0843133E-003, 0.0000000E+000, 0.0000000E+000,-2.3729262E-002,-2.4542796E-001,-1.3371653E-001,-2.0032834E-009, 2.6104434E-006, 2.2715054E-009, 4.3698174E-005
 9.2218285E+001, 4.4613206E-002,-1.8898194E-002,-1.3423621E-001,-1.0627160E-003, 0.0000000E+000, 0.0000000E+000,-2.4018659E-002,-2.4476739E-001,-1.3360258E-001,-2.0024691E-009, 2.6098775E-006, 2.2705821E-009, 4.3690003E-005
 9.2347389E+001, 4.4605071E-002,-1.8740625E-002,-1.3416771E-001,-1.0736828E-003, 0.0000000E+000, 0.0000000E+000,-2.4283709E-002,-2.4423920E-001,-1.3366066E-001,-2.0017945E-009, 2.6094080E-006, 2.2698172E-009, 4.3683218E-005
 9.2541039E+001, 4.4597150E-002,-1.8674260E-002,-1.3406425E-001,-1.0578958E-003, 0.0000000E+000, 0.0000000E+000,-2.4509316E-002,-2.4358346E-001,-1.3370857E-001,-2.0011221E-009, 2.6089401E-006, 2.2690547E-009, 4.3676455E-005
 9.2734680E+001, 4.4587554E-002,-1.8505147E-002,-1.3400444E-001,-1.0435229E-003, 0.0000000E+000, 0.0000000E+000,-2.4826510E-002,-2.4259920E-001,-1.3379206E-001,-2.0003179E-009, 2.6083810E-006, 2.2681429E-009, 4.3668368E-005
 9.2928329E+001, 4.4577960E-002,-1.8349312E-002,-1.3386146E-001,-1.0611791E-003, 0.0000000E+000, 0.0000000E+000,-2.5131895E-002,-2.4133066E-001,-1.3382589E-001,-1.9995154E-009, 2.6078247E-006, 2.2672330E-009, 4.3660316E-005
 9.3121979E+001, 4.4568403E-002,-1.8209663E-002,-1.3327255E-001,-1.0599035E-003, 0.0000000E+000, 0.0000000E+000,-2.5422530E-002,-2.3973593E-001,-1.3339624E-001,-1.9987085E-009, 2.6072710E-006, 2.2663181E-009, 4.3652296E-005
 9.3251083E+001, 4.4560443E-002,-1.8128172E-002,-1.3241783E-001,-1.0377462E-003, 0.0000000E+000, 0.0000000E+000,-2.5660875E-002,-2.3807198E-001,-1.3268418E-001,-1.9980383E-009, 2.6068114E-006, 2.2655581E-009, 4.3645636E-005
 9.3444733E+001, 4.4552679E-002,-1.7992651E-002,-1.3103672E-001,-1.0284439E-003, 0.0000000E+000, 0.0000000E+000,-2.5911374E-002,-2.3618488E-001,-1.3141651E-001,-1.9973939E-009, 2.6063537E-006, 2.2648274E-009, 4.3639000E-005
 9.3638382E+001, 4.4543168E-002,-1.7841451E-002,-1.2889450E-001,-1.0154866E-003, 0.0000000E+000, 0.0000000E+000,-2.6221140E-002,-2.3368344E-001,-1.2942941E-001,-1.9966401E-009, 2.6058068E-006, 2.2639727E-009, 4.3631065E-005
 9.3832031E+001, 4.4533849E-002,-1.7680857E-002,-1.2642908E-001,-1.0190030E-003, 0.0000000E+000, 0.0000000E+000,-2.6534710E-002,-2.3105423E-001,-1.2712980E-001,-1.9958750E-009, 2.6052625E-006, 2.2631052E-009, 4.3623164E-005
 9.3961128E+001, 4.4525971E-002,-1.7585350E-002,-1.2413876E-001,-1.0074153E-003, 0.0000000E+000, 0.0000000E+000,-2.6760723E-002,-2.2880791E-001,-1.2496627E-001,-1.9952330E-009, 2.6048109E-006, 2.2623771E-009, 4.3616604E-005
 9.4154778E+001, 4.4518306E-002,-1.7461124E-002,-1.2150158E-001,-9.8950651E-004, 0.0000000E+000, 0.0000000E+000,-2.7019241E-002,-2.2656866E-001,-1.2245315E-001,-1.9945898E-009, 2.6043612E-006, 2.2616479E-009, 4.3610068E-005
 9.4348427E+001, 4.4509136E-002,-1.7339757E-002,-1.1853876E-001,-9.7192317E-004, 0.0000000E+000, 0.0000000E+000,-2.7308835E-002,-2.2395304E-001,-1.1965013E-001,-1.9938193E-009, 2.6038238E-006, 2.2607741E-009, 4.3602251E-005
 9.4542076E+001, 4.4499936E-002,-1.7208772E-002,-1.1521854E-001,-9.5776490E-004, 0.0000000E+000, 0.0000000E+000,-2.7604663E-002,-2.2149501E-001,-1.1648980E-001,-1.9930501E-009, 2.6032888E-006, 2.2599020E-009, 4.3594467E-005
 9.4735725E+001, 4.4490824E-002,-1.7045229E-002,-1.1226640E-001,-9.3957694E-004, 0.0000000E+000, 0.0000000E+000,-2.7922287E-002,-2.1921276E-001,-1.1368267E-001,-1.9922895E-009, 2.6027565E-006, 2.2590396E-009, 4.3586714E-005
 9.4864822E+001, 4.4483364E-002,-1.6890764E-002,-1.0986833E-001,-9.4324705E-004, 0.0000000E+000, 0.0000000E+000,-2.8184134E-002,-2.1750630E-001,-1.1140311E-001,-1.9916770E-009, 2.6023149E-006, 2.2583451E-009, 4.3580279E-005
 9.5058472E+001, 4.4475828E-002,-1.6830647E-002,-1.0792413E-001,-9.3798889E-004, 0.0000000E+000, 0.0000000E+000,-2.8394307E-002,-2.1605266E-001,-1.0961125E-001,-1.9910605E-009, 2.6018749E-006, 2.2576460E-009, 4.3573865E-005
 9.5252121E+001, 4.4466822E-002,-1.6713612E-002,-1.0643305E-001,-9.1871291E-004, 0.0000000E+000, 0.0000000E+000,-2.8671127E-002,-2.1484940E-001,-1.0826968E-001,-1.9903109E-009, 2.6013492E-006, 2.2567961E-009, 4.3566195E-005
 9.5445770E+001, 4.4457770E-002,-1.6593202E-002,-1.0564493E-001,-9.1863703E-004, 0.0000000E+000, 0.0000000E+000,-2.8953441E-002,-2.1423758E-001,-1.0765244E-001,-1.9895598E-009, 2.6008259E-006, 2.2559444E-009, 4.3558556E-005
 9.5639420E+001, 4.4448923E-002,-1.6441155E-002,-1.0581004E-001,-9.0354219E-004, 0.0000000E+000, 0.0000000E+000,-2.9255379E-002,-2.1416245E-001,-1.0796119E-001,-1.9888046E-009, 2.6003050E-006, 2.2550881E-009, 4.3550947E-005
 9.5768524E+001, 4.4441473E-002,-1.6345883E-002,-1.0642953E-001,-8.9926141E-004, 0.0000000E+000, 0.0000000E+000,-2.9494875E-002,-2.1441692E-001,-1.0872808E-001,-1.9881699E-009, 2.5998727E-006, 2.2543684E-009, 4.3544629E-005
 9.5962173E+001, 4.4434051E-002,-1.6214797E-002,-1.0749412E-001,-8.9769853E-004, 0.0000000E+000, 0.0000000E+000,-2.9729628E-002,-2.1491770E-001,-1.0990219E-001,-1.9875340E-009, 2.5994424E-006, 2.2536473E-009, 4.3538335E-005
 9.6155823E+001, 4.4425406E-002,-1.6094212E-002,-1.0946752E-001,-8.8970483E-004, 0.0000000E+000, 0.0000000E+000,-3.0001868E-002,-2.1578432E-001,-1.1202790E-001,-1.9867713E-009, 2.5989280E-006, 2.2527825E-009, 4.3530808E-005
 9.6349472E+001, 4.4416372E-002,-1.5973155E-002,-1.1164046E-001,-8.8445460E-004, 0.0000000E+000, 0.0000000E+000,-3.0276050E-002,-2.1678970E-001,-1.1435775E-001,-1.9860176E-009, 2.5984160E-006, 2.2519280E-009, 4.3523311E-005
 9.6543114E+001, 4.4407716E-002,-1.5830747E-002,-1.1388610E-001,-8.8523415E-004, 0.0000000E+000, 0.0000000E+000,-3.0561451E-002,-2.1774103E-001,-1.1675581E-001,-1.9852698E-009, 2.5979063E-006, 2.2510800E-009, 4.3515843E-005
 9.6672218E+001, 4.4400217E-002,-1.5718885E-002,-1.1568263E-001,-8.6946567E-004, 0.0000000E+000, 0.0000000E+000,-3.0789698E-002,-2.1841578E-001,-1.1866046E-001,-1.9846475E-009, 2.5974834E-006, 2.2503744E-009, 4.3509642E-005
 9.6865868E+001, 4.4393114E-002,-1.5587009E-002,-1.1735473E-001,-8.7528688E-004, 0.0000000E+000, 0.0000000E+000,-3.1035062E-002,-2.1901742E-001,-1.2045897E-001,-1.9840387E-009, 2.5970623E-006, 2.2496840E-009, 4.3503464E-005
 9.7059517E+001, 4.4384483E-002,-1.5461600E-002,-1.1863613E-001,-8.5431606E-004, 0.0000000E+000, 0.0000000E+000,-3.1296992E-002,-2.1961056E-001,-1.2186456E-001,-1.9833377E-009, 2.5965591E-006, 2.2488892E-009, 4.3496077E-005
 9.7253166E+001, 4.4375814E-002,-1.5340110E-002,-1.1967401E-001,-8.5122689E-004, 0.0000000E+000, 0.0000000E+000,-3.1555899E-002,-2.2002253E-001,-1.2304543E-001,-1.9826335E-009, 2.5960581E-006, 2.2480907E-009, 4.3488718E-005
 9.7382263E+001, 4.4368662E-002,-1.5189618E-002,-1.1986157E-001,-8.5623853E-004, 0.0000000E+000, 0.0000000E+000,-3.1797461E-002,-2.2017261E-001,-1.2333622E-001,-1.9820402E-009, 2.5956423E-006, 2.2474179E-009, 4.3482607E-005
 9.7575912E+001, 4.4361561E-002,-1.5099162E-002,-1.1984639E-001,-8.4295265E-004, 0.0000000E+000, 0.0000000E+000,-3.2008076E-002,-2.2008872E-001,-1.2343502E-001,-1.9814443E-009, 2.5952280E-006, 2.2467423E-009, 4.3476515E-005
 9.7769562E+001, 4.4353034E-002,-1.4955072E-002,-1.1909544E-001,-8.4186461E-004, 0.0000000E+000, 0.0000000E+000,-3.2270546E-002,-2.1983793E-001,-1.2280988E-001,-1.9807347E-009, 2.5947330E-006, 2.2459376E-009, 4.3469232E-005
 9.7963211E+001, 4.4344604E-002,-1.4825011E-002,-1.1839566E-001,-8.2087019E-004, 0.0000000E+000, 0.0000000E+000,-3.2516655E-002,-2.1962233E-001,-1.2221359E-001,-1.9800254E-009, 2.5942403E-006, 2.2451334E-009, 4.3461976E-005
 9.8156860E+001, 4.4336192E-002,-1.4703707E-002,-1.1738279E-001,-8.2814569E-004, 0.0000000E+000, 0.0000000E+000,-3.2758004E-002,-2.1942662E-001,-1.2133645E-001,-1.9793177E-009, 2.5937496E-006, 2.2443310E-009, 4.3454747E-005
 9.8285957E+001, 4.4329229E-002,-1.4624664E-002,-1.1645446E-001,-7.8990422E-004, 0.0000000E+000, 0.0000000E+000,-3.2958386E-002,-2.1923518E-001,-1.2049819E-001,-1.9787238E-009, 2.5933423E-006, 2.2436575E-009, 4.3448742E-005
 9.8479607E+001, 4.4322274E-002,-1.4479679E-002,-1.1557193E-001,-7.9374427E-004, 0.0000000E+000, 0.0000000E+000,-3.3174508E-002,-2.1890582E-001,-1.1969758E-001,-1.9781274E-009, 2.5929365E-006, 2.2429813E-009, 4.3442757E-005
 9.8673256E+001, 4.4314025E-002,-1.4327966E-002,-1.1435832E-001,-7.7716138E-004, 0.0000000E+000, 0.0000000E+000,-3.3432810E-002,-2.1832555E-001,-1.1858224E-001,-1.9774115E-009, 2.5924515E-006, 2.2421696E-009, 4.3435599E-005
 9.8866905E+001, 4.4305745E-002,-1.4197286E-002,-1.1308641E-001,-7.6473881E-004, 0.0000000E+000, 0.0000000E+000,-3.3671421E-002,-2.1747588E-001,-1.1741411E-001,-1.9766956E-009, 2.5919687E-006, 2.2413578E-009, 4.3428468E-005
 9.9060555E+001, 4.4297518E-002,-1.4076308E-002,-1.1170933E-001,-7.4666247E-004, 0.0000000E+000, 0.0000000E+000,-3.3905230E-002,-2.1641171E-001,-1.1614001E-001,-1.9759768E-009, 2.5914878E-006, 2.2405427E-009, 4.3421363E-005
 9.9189659E+001, 4.4290819E-002,-1.3995796E-002,-1.1065303E-001,-7.3780806E-004, 0.0000000E+000, 0.0000000E+000,-3.4083829E-002,-2.1536799E-001,-1.1517965E-001,-1.9753767E-009, 2.5910886E-006, 2.2398623E-009, 4.3415461E-005
 9.9383308E+001, 4.4283812E-002,-1.3870904E-002,-1.0978072E-001,-7.3454699E-004, 0.0000000E+000, 0.0000000E+000,-3.4300935E-002,-2.1425694E-001,-1.1440329E-001,-1.9747762E-009, 2.5906909E-006, 2.2391814E-009, 4.3409577E-005
 9.9576958E+001, 4.4275788E-002,-1.3714335E-002,-1.0883497E-001,-7.2853071E-004, 0.0000000E+000, 0.0000000E+000,-3.4561377E-002,-2.1279721E-001,-1.1356342E-001,-1.9740545E-009, 2.5902155E-006, 2.2383631E-009, 4.3402540E-005
 9.9770607E+001, 4.4267648E-002,-1.3585591E-002,-1.0792184E-001,-7.1303873E-004, 0.0000000E+000, 0.0000000E+000,-3.4795819E-002,-2.1133021E-001,-1.1274864E-001,-1.9733368E-009, 2.5897423E-006, 2.2375492E-009, 4.3395530E-005
 9.9964256E+001, 4.4259418E-002,-1.3467045E-002,-1.0709227E-001,-7.0689359E-004, 0.0000000E+000, 0.0000000E+000,-3.5025068E-002,-2.0985274E-001,-1.1203186E-001,-1.9726313E-009, 2.5892710E-006, 2.2367493E-009, 4.3388545E-005
 1.0009335E+002, 4.4252823E-002,-1.3331770E-002,-1.0645603E-001,-7.0563197E-004, 0.0000000E+000, 0.0000000E+000,-3.5236875E-002,-2.0865316E-001,-1.1147749E-001,-1.9720483E-009, 2.5888798E-006, 2.2360883E-009, 4.3382744E-005
 1.0028700E+002, 4.4246038E-002,-1.3273948E-002,-1.0596384E-001,-6.9567557E-004, 0.0000000E+000, 0.0000000E+000,-3.5413498E-002,-2.0737963E-001,-1.1110092E-001,-1.9714665E-009, 2.5884900E-006, 2.2354285E-009, 4.3376959E-005
 1.0048065E+002, 4.4237997E-002,-1.3129941E-002,-1.0489917E-001,-6.9189945E-004, 0.0000000E+000, 0.0000000E+000,-3.5663546E-002,-2.0575256E-001,-1.1014656E-001,-1.9707710E-009, 2.5880240E-006, 2.2346400E-009, 4.3370041E-005
 1.0067430E+002, 4.4230037E-002,-1.2997715E-002,-1.0366727E-001,-6.8786010E-004, 0.0000000E+000, 0.0000000E+000,-3.5901639E-002,-2.0402138E-001,-1.0902444E-001,-1.9700851E-009, 2.5875601E-006, 2.2338622E-009, 4.3363149E-005
 1.0080340E+002, 4.4223359E-002,-1.2919868E-002,-1.0238296E-001,-6.6523403E-004, 0.0000000E+000, 0.0000000E+000,-3.6085197E-002,-2.0251925E-001,-1.0782990E-001,-1.9695219E-009, 2.5871750E-006, 2.2332236E-009, 4.3357424E-005
 1.0099705E+002, 4.4216808E-002,-1.2805688E-002,-1.0096791E-001,-6.8475031E-004, 0.0000000E+000, 0.0000000E+000,-3.6271895E-002,-2.0099773E-001,-1.0651343E-001,-1.9689607E-009, 2.5867913E-006, 2.2325873E-009, 4.3351717E-005
 1.0119070E+002, 4.4208845E-002,-1.2695049E-002,-9.8860478E-002,-6.6275989E-004, 0.0000000E+000, 0.0000000E+000,-3.6493745E-002,-1.9915044E-001,-1.0450319E-001,-1.9682917E-009, 2.5863326E-006, 2.2318287E-009, 4.3344890E-005
 1.0138435E+002, 4.4201148E-002,-1.2566931E-002,-9.6763854E-002,-6.5568912E-004, 0.0000000E+000, 0.0000000E+000,-3.6726023E-002,-1.9739202E-001,-1.0251135E-001,-1.9676273E-009, 2.5858757E-006, 2.2310753E-009, 4.3338086E-005
 1.0157800E+002, 4.4193298E-002,-1.2430471E-002,-9.4687765E-002,-6.6039581E-004, 0.0000000E+000, 0.0000000E+000,-3.6961022E-002,-1.9584975E-001,-1.0054636E-001,-1.9669641E-009, 2.5854208E-006, 2.2303233E-009, 4.3331307E-005
 1.0170709E+002, 4.4186900E-002,-1.2348604E-002,-9.3067503E-002,-6.3356978E-004, 0.0000000E+000, 0.0000000E+000,-3.7125829E-002,-1.9470303E-001,-9.8988606E-002,-1.9664112E-009, 2.5850432E-006, 2.2296964E-009, 4.3325676E-005
 1.0190074E+002, 4.4180446E-002,-1.2241311E-002,-9.1597250E-002,-6.4740598E-004, 0.0000000E+000, 0.0000000E+000,-3.7315331E-002,-1.9368141E-001,-9.7620852E-002,-1.9658592E-009, 2.5846669E-006, 2.2290705E-009, 4.3320063E-005
 1.0209439E+002, 4.4172792E-002,-1.2135554E-002,-8.9895990E-002,-6.3695928E-004, 0.0000000E+000, 0.0000000E+000,-3.7524205E-002,-1.9241673E-001,-9.6019917E-002,-1.9652046E-009, 2.5842170E-006, 2.2283282E-009, 4.3313347E-005
 1.0228804E+002, 4.4165072E-002,-1.2021211E-002,-8.8151806E-002,-6.2659104E-004, 0.0000000E+000, 0.0000000E+000,-3.7738855E-002,-1.9108548E-001,-9.4373390E-002,-1.9645594E-009, 2.5837689E-006, 2.2275967E-009, 4.3306653E-005
 1.0248169E+002, 4.4157405E-002,-1.1879111E-002,-8.6544107E-002,-6.1603679E-004, 0.0000000E+000, 0.0000000E+000,-3.7971537E-002,-1.8960683E-001,-9.2853388E-002,-1.9639181E-009, 2.5833226E-006, 2.2268694E-009, 4.3299983E-005
 1.0261079E+002, 4.4151183E-002,-1.1745078E-002,-8.5224289E-002,-6.0133788E-004, 0.0000000E+000, 0.0000000E+000,-3.8164744E-002,-1.8832926E-001,-9.1584266E-002,-1.9633890E-009, 2.5829521E-006, 2.2262695E-009, 4.3294442E-005
 1.0280444E+002, 4.4144695E-002,-1.1690938E-002,-8.4241470E-002,-6.0275857E-004, 0.0000000E+000, 0.0000000E+000,-3.8317150E-002,-1.8710402E-001,-9.0707622E-002,-1.9628601E-009, 2.5825829E-006, 2.2256698E-009, 4.3288918E-005
 1.0299809E+002, 4.4137229E-002,-1.1587627E-002,-8.3439122E-002,-6.0175338E-004, 0.0000000E+000, 0.0000000E+000,-3.8515476E-002,-1.8588941E-001,-9.0006750E-002,-1.9622222E-009, 2.5821414E-006, 2.2249465E-009, 4.3282308E-005
 1.0319174E+002, 4.4129642E-002,-1.1481769E-002,-8.3060591E-002,-6.0034690E-004, 0.0000000E+000, 0.0000000E+000,-3.8714635E-002,-1.8500635E-001,-8.9727700E-002,-1.9615818E-009, 2.5817016E-006, 2.2242204E-009, 4.3275720E-005
 1.0332084E+002, 4.4123289E-002,-1.1392648E-002,-8.3178532E-002,-5.8824082E-004, 0.0000000E+000, 0.0000000E+000,-3.8890743E-002,-1.8450551E-001,-8.9926874E-002,-1.9610529E-009, 2.5813364E-006, 2.2236206E-009, 4.3270245E-005
 1.0351449E+002, 4.4117151E-002,-1.1265465E-002,-8.3452351E-002,-5.9075816E-004, 0.0000000E+000, 0.0000000E+000,-3.9071714E-002,-1.8414032E-001,-9.0263136E-002,-1.9605296E-009, 2.5809725E-006, 2.2230273E-009, 4.3264788E-005
 1.0370814E+002, 4.4109586E-002,-1.1153390E-002,-8.3859358E-002,-5.8771395E-004, 0.0000000E+000, 0.0000000E+000,-3.9273307E-002,-1.8377817E-001,-9.0764183E-002,-1.9599072E-009, 2.5805374E-006, 2.2223216E-009, 4.3258259E-005
 1.0390179E+002, 4.4102202E-002,-1.1049179E-002,-8.4266893E-002,-5.7617616E-004, 0.0000000E+000, 0.0000000E+000,-3.9474397E-002,-1.8336647E-001,-9.1264443E-002,-1.9592941E-009, 2.5801040E-006, 2.2216263E-009, 4.3251752E-005
 1.0409544E+002, 4.4094606E-002,-1.0945468E-002,-8.4347176E-002,-5.6706735E-004, 0.0000000E+000, 0.0000000E+000,-3.9680258E-002,-1.8286102E-001,-9.1445364E-002,-1.9586818E-009, 2.5796723E-006, 2.2209321E-009, 4.3245266E-005
 1.0422453E+002, 4.4088581E-002,-1.0868170E-002,-8.4220281E-002,-5.5476319E-004, 0.0000000E+000, 0.0000000E+000,-3.9838986E-002,-1.8231510E-001,-9.1393620E-002,-1.9581703E-009, 2.5793138E-006, 2.2203521E-009, 4.3239877E-005
 1.0441818E+002, 4.4082442E-002,-1.0733037E-002,-8.3733006E-002,-5.6518703E-004, 0.0000000E+000, 0.0000000E+000,-4.0048542E-002,-1.8170155E-001,-9.0997330E-002,-1.9576622E-009, 2.5789568E-006, 2.2197760E-009, 4.3234505E-005
 1.0461183E+002, 4.4075073E-002,-1.0620176E-002,-8.2739672E-002,-5.5136692E-004, 0.0000000E+000, 0.0000000E+000,-4.0251158E-002,-1.8077992E-001,-9.0087300E-002,-1.9570595E-009, 2.5785299E-006, 2.2190925E-009, 4.3228080E-005
 1.0480548E+002, 4.4067841E-002,-1.0516250E-002,-8.1356363E-002,-5.4562680E-004, 0.0000000E+000, 0.0000000E+000,-4.0444683E-002,-1.7961394E-001,-8.8795082E-002,-1.9564557E-009, 2.5781047E-006, 2.2184079E-009, 4.3221676E-005
 1.0499913E+002, 4.4060507E-002,-1.0416491E-002,-7.9574838E-002,-5.3565289E-004, 0.0000000E+000, 0.0000000E+000,-4.0636578E-002,-1.7825028E-001,-8.7103053E-002,-1.9558517E-009, 2.5776811E-006, 2.2177230E-009, 4.3215293E-005
 1.0512823E+002, 4.4054529E-002,-1.0292274E-002,-7.7822298E-002,-5.2386677E-004, 0.0000000E+000, 0.0000000E+000,-4.0820621E-002,-1.7700791E-001,-8.5404529E-002,-1.9553476E-009, 2.5773294E-006, 2.2171514E-009, 4.3209989E-005
 1.0532188E+002, 4.4048512E-002,-1.0219527E-002,-7.5858651E-002,-5.2546231E-004, 0.0000000E+000, 0.0000000E+000,-4.0982442E-002,-1.7559745E-001,-8.3537570E-002,-1.9548411E-009, 2.5769788E-006, 2.2165772E-009, 4.3204700E-005
 1.0551553E+002, 4.4041392E-002,-1.0102923E-002,-7.3455588E-002,-5.2099448E-004, 0.0000000E+000, 0.0000000E+000,-4.1183318E-002,-1.7382147E-001,-8.1221432E-002,-1.9542342E-009, 2.5765598E-006, 2.2158890E-009, 4.3198374E-005
 1.0570918E+002, 4.4034195E-002,-9.9990966E-003,-7.0975899E-002,-5.1044766E-004, 0.0000000E+000, 0.0000000E+000,-4.1370277E-002,-1.7199964E-001,-7.8821524E-002,-1.9536358E-009, 2.5761424E-006, 2.2152105E-009, 4.3192068E-005
 1.0590282E+002, 4.4027059E-002,-9.9032089E-003,-6.8463604E-002,-5.0499549E-004, 0.0000000E+000, 0.0000000E+000,-4.1555110E-002,-1.7017058E-001,-7.6399859E-002,-1.9530339E-009, 2.5757266E-006, 2.2145280E-009, 4.3185783E-005
 1.0603193E+002, 4.4021232E-002,-9.8420772E-003,-6.6491947E-002,-4.9687235E-004, 0.0000000E+000, 0.0000000E+000,-4.1709762E-002,-1.6861148E-001,-7.4519426E-002,-1.9525305E-009, 2.5753812E-006, 2.2139571E-009, 4.3180559E-005
 1.0622558E+002, 4.4015316E-002,-9.7267524E-003,-6.4900187E-002,-4.8147401E-004, 0.0000000E+000, 0.0000000E+000,-4.1877521E-002,-1.6706869E-001,-7.2970619E-002,-1.9520241E-009, 2.5750370E-006, 2.2133829E-009, 4.3175351E-005
 1.0641923E+002, 4.4008214E-002,-9.6070850E-003,-6.3021708E-002,-4.7848810E-004, 0.0000000E+000, 0.0000000E+000,-4.2077190E-002,-1.6523082E-001,-7.1176257E-002,-1.9514163E-009, 2.5746255E-006, 2.2126938E-009, 4.3169120E-005
 1.0661288E+002, 4.4001248E-002,-9.5057570E-003,-6.1446286E-002,-4.7336108E-004, 0.0000000E+000, 0.0000000E+000,-4.2258403E-002,-1.6346997E-001,-6.9682559E-002,-1.9508091E-009, 2.5742156E-006, 2.2120053E-009, 4.3162910E-005
 1.0674197E+002, 4.3995494E-002,-9.4427613E-003,-6.0407566E-002,-4.6208307E-004, 0.0000000E+000, 0.0000000E+000,-4.2390910E-002,-1.6204908E-001,-6.8707827E-002,-1.9503023E-009, 2.5738751E-006, 2.2114306E-009, 4.3157749E-005
 1.0693562E+002, 4.3989550E-002,-9.3526448E-003,-5.9727423E-002,-4.6700763E-004, 0.0000000E+000, 0.0000000E+000,-4.2551049E-002,-1.6078440E-001,-6.8108574E-002,-1.9497921E-009, 2.5735358E-006, 2.2108521E-009, 4.3152602E-005
 1.0712927E+002, 4.3982645E-002,-9.2545141E-003,-5.9001679E-002,-4.6350677E-004, 0.0000000E+000, 0.0000000E+000,-4.2730832E-002,-1.5941337E-001,-6.7467887E-002,-1.9491845E-009, 2.5731299E-006, 2.2101632E-009, 4.3146442E-005
 1.0732292E+002, 4.3975639E-002,-9.1308916E-003,-5.8583966E-002,-4.5109997E-004, 0.0000000E+000, 0.0000000E+000,-4.2927856E-002,-1.5820055E-001,-6.7118175E-002,-1.9485825E-009, 2.5727256E-006, 2.2094805E-009, 4.3140302E-005
 1.0751657E+002, 4.3968722E-002,-9.0305927E-003,-5.8309253E-002,-4.3841837E-004, 0.0000000E+000, 0.0000000E+000,-4.3100234E-002,-1.5714163E-001,-6.6909776E-002,-1.9479852E-009, 2.5723228E-006, 2.2088033E-009, 4.3134182E-005
 1.0764567E+002, 4.3962956E-002,-8.9203342E-003,-5.8214583E-002,-4.3938218E-004, 0.0000000E+000, 0.0000000E+000,-4.3251631E-002,-1.5638997E-001,-6.6862974E-002,-1.9474896E-009, 2.5719883E-006, 2.2082414E-009, 4.3129096E-005
 1.0783932E+002, 4.3957234E-002,-8.8789826E-003,-5.7981476E-002,-4.3193717E-004, 0.0000000E+000, 0.0000000E+000,-4.3371362E-002,-1.5572893E-001,-6.6706524E-002,-1.9469927E-009, 2.5716547E-006, 2.2076779E-009, 4.3124022E-005
 1.0803297E+002, 4.3950292E-002,-8.7873921E-003,-5.7780069E-002,-4.3026685E-004, 0.0000000E+000, 0.0000000E+000,-4.3538783E-002,-1.5506272E-001,-6.6586219E-002,-1.9463957E-009, 2.5712558E-006, 2.2070010E-009, 4.3117949E-005
 1.0822662E+002, 4.3943543E-002,-8.6719470E-003,-5.7469080E-002,-4.1922897E-004, 0.0000000E+000, 0.0000000E+000,-4.3720748E-002,-1.5446699E-001,-6.6337460E-002,-1.9457965E-009, 2.5708582E-006, 2.2063215E-009, 4.3111895E-005
 1.0842027E+002, 4.3936762E-002,-8.5655561E-003,-5.7027090E-002,-4.0887622E-004, 0.0000000E+000, 0.0000000E+000,-4.3893588E-002,-1.5391534E-001,-6.5958348E-002,-1.9451963E-009, 2.5704621E-006, 2.2056410E-009, 4.3105860E-005
 1.0854936E+002, 4.3931115E-002,-8.5031822E-003,-5.6547786E-002,-3.9476028E-004, 0.0000000E+000, 0.0000000E+000,-4.4027356E-002,-1.5348110E-001,-6.5541969E-002,-1.9446971E-009, 2.5701331E-006, 2.2050750E-009, 4.3100844E-005
 1.0874301E+002, 4.3925363E-002,-8.4115508E-003,-5.5850576E-002,-3.9583098E-004, 0.0000000E+000, 0.0000000E+000,-4.4164421E-002,-1.5306956E-001,-6.4897015E-002,-1.9441968E-009, 2.5698052E-006, 2.2045076E-009, 4.3095841E-005
 1.0893666E+002, 4.3918764E-002,-8.3222153E-003,-5.5106131E-002,-3.8765275E-004, 0.0000000E+000, 0.0000000E+000,-4.4328793E-002,-1.5261007E-001,-6.4226029E-002,-1.9435955E-009, 2.5694129E-006, 2.2038259E-009, 4.3089853E-005
 1.0913031E+002, 4.3912112E-002,-8.2172254E-003,-5.4406975E-002,-3.7427275E-004, 0.0000000E+000, 0.0000000E+000,-4.4503376E-002,-1.5219977E-001,-6.3589737E-002,-1.9429936E-009, 2.5690219E-006, 2.2031434E-009, 4.3083883E-005
 1.0932396E+002, 4.3905462E-002,-8.1042061E-003,-5.3652658E-002,-3.6997726E-004, 0.0000000E+000, 0.0000000E+000,-4.4681497E-002,-1.5182178E-001,-6.2902876E-002,-1.9423933E-009, 2.5686325E-006, 2.2024628E-009, 4.3077932E-005
 1.0945306E+002, 4.3899885E-002,-8.0372932E-003,-5.3041171E-002,-3.6024041E-004, 0.0000000E+000, 0.0000000E+000,-4.4803079E-002,-1.5151074E-001,-6.2341899E-002,-1.9418925E-009, 2.5683090E-006, 2.2018949E-009, 4.3072985E-005
 1.0964671E+002, 4.3894366E-002,-7.9482203E-003,-5.2680096E-002,-3.6072779E-004, 0.0000000E+000, 0.0000000E+000,-4.4947814E-002,-1.5124745E-001,-6.2042491E-002,-1.9413909E-009, 2.5679865E-006, 2.2013260E-009, 4.3068053E-005
 1.0984036E+002, 4.3887711E-002,-7.8612747E-003,-5.2260512E-002,-3.4857150E-004, 0.0000000E+000, 0.0000000E+000,-4.5104761E-002,-1.5094593E-001,-6.1687407E-002,-1.9407974E-009, 2.5676008E-006, 2.2006531E-009, 4.3062148E-005
 1.1003401E+002, 4.3881195E-002,-7.7665898E-003,-5.2054975E-002,-3.4509285E-004, 0.0000000E+000, 0.0000000E+000,-4.5266468E-002,-1.5066860E-001,-6.1551931E-002,-1.9402090E-009, 2.5672163E-006, 2.1999859E-009, 4.3056260E-005
 1.1016311E+002, 4.3875711E-002,-7.6318435E-003,-5.2026884E-002,-3.4111482E-004, 0.0000000E+000, 0.0000000E+000,-4.5436116E-002,-1.5044268E-001,-6.1560246E-002,-1.9397163E-009, 2.5668970E-006, 2.1994273E-009, 4.3051367E-005
 1.1035676E+002, 4.3870275E-002,-7.5825332E-003,-5.2075155E-002,-3.4075854E-004, 0.0000000E+000, 0.0000000E+000,-4.5553757E-002,-1.5020348E-001,-6.1681929E-002,-1.9392300E-009, 2.5665787E-006, 2.1988758E-009, 4.3046487E-005
 1.1055041E+002, 4.3863600E-002,-7.4891987E-003,-5.2308142E-002,-3.2864077E-004, 0.0000000E+000, 0.0000000E+000,-4.5711958E-002,-1.4995459E-001,-6.1974339E-002,-1.9386492E-009, 2.5661980E-006, 2.1982173E-009, 4.3040646E-005
 1.1074406E+002, 4.3857214E-002,-7.4026495E-003,-5.2509870E-002,-3.2891736E-004, 0.0000000E+000, 0.0000000E+000,-4.5869238E-002,-1.4974103E-001,-6.2253460E-002,-1.9380654E-009, 2.5658186E-006, 2.1975554E-009, 4.3034823E-005
 1.1093771E+002, 4.3850677E-002,-7.3137853E-003,-5.2887103E-002,-3.2798962E-004, 0.0000000E+000, 0.0000000E+000,-4.6029988E-002,-1.4957030E-001,-6.2708189E-002,-1.9374854E-009, 2.5654405E-006, 2.1968977E-009, 4.3029016E-005
 1.1106680E+002, 4.3845253E-002,-7.2382652E-003,-5.3128262E-002,-3.2181064E-004, 0.0000000E+000, 0.0000000E+000,-4.6171401E-002,-1.4946526E-001,-6.3014486E-002,-1.9370076E-009, 2.5651264E-006, 2.1963559E-009, 4.3024189E-005
 1.1126045E+002, 4.3839897E-002,-7.1309610E-003,-5.3534894E-002,-3.1289527E-004, 0.0000000E+000, 0.0000000E+000,-4.6314889E-002,-1.4938076E-001,-6.3453744E-002,-1.9365353E-009, 2.5648135E-006, 2.1958204E-009, 4.3019377E-005
 1.1145410E+002, 4.3833500E-002,-7.0364769E-003,-5.3812941E-002,-3.1049213E-004, 0.0000000E+000, 0.0000000E+000,-4.6470687E-002,-1.4931628E-001,-6.3797097E-002,-1.9359742E-009, 2.5644391E-006, 2.1951841E-009, 4.3013617E-005
 1.1164775E+002, 4.3827111E-002,-6.9491767E-003,-5.4168902E-002,-3.0004319E-004, 0.0000000E+000, 0.0000000E+000,-4.6622986E-002,-1.4929492E-001,-6.4213996E-002,-1.9354092E-009, 2.5640660E-006, 2.1945435E-009, 4.3007874E-005
 1.1184140E+002, 4.3820633E-002,-6.8623657E-003,-5.4225855E-002,-2.9403351E-004, 0.0000000E+000, 0.0000000E+000,-4.6778150E-002,-1.4932013E-001,-6.4339771E-002,-1.9348474E-009, 2.5636942E-006, 2.1939064E-009, 4.3002147E-005
 1.1197050E+002, 4.3815473E-002,-6.7978562E-003,-5.4318078E-002,-2.9491369E-004, 0.0000000E+000, 0.0000000E+000,-4.6896975E-002,-1.4932083E-001,-6.4492351E-002,-1.9343819E-009, 2.5633853E-006, 2.1933786E-009, 4.2997387E-005
 1.1216415E+002, 4.3810132E-002,-6.6826753E-003,-5.4263512E-002,-2.8556203E-004, 0.0000000E+000, 0.0000000E+000,-4.7060110E-002,-1.4932797E-001,-6.4481728E-002,-1.9339163E-009, 2.5630775E-006, 2.1928507E-009, 4.2992639E-005
 1.1235780E+002, 4.3803766E-002,-6.5868200E-003,-5.4036439E-002,-2.7581445E-004, 0.0000000E+000, 0.0000000E+000,-4.7214459E-002,-1.4929389E-001,-6.4309767E-002,-1.9333586E-009, 2.5627093E-006, 2.1922184E-009, 4.2986958E-005
 1.1255145E+002, 4.3797573E-002,-6.4985693E-003,-5.3881807E-002,-2.6318606E-004, 0.0000000E+000, 0.0000000E+000,-4.7362501E-002,-1.4928157E-001,-6.4208490E-002,-1.9328050E-009, 2.5623423E-006, 2.1915906E-009, 4.2981294E-005
 1.1268055E+002, 4.3792276E-002,-6.3968463E-003,-5.3701527E-002,-2.5981956E-004, 0.0000000E+000, 0.0000000E+000,-4.7501825E-002,-1.4935890E-001,-6.4067741E-002,-1.9323487E-009, 2.5620375E-006, 2.1910732E-009, 4.2976586E-005
 1.1287420E+002, 4.3787065E-002,-6.3537517E-003,-5.3667758E-002,-2.4927398E-004, 0.0000000E+000, 0.0000000E+000,-4.7614568E-002,-1.4953589E-001,-6.4098287E-002,-1.9318987E-009, 2.5617336E-006, 2.1905630E-009, 4.2971888E-005
 1.1306785E+002, 4.3780901E-002,-6.2435527E-003,-5.3876235E-002,-2.4968642E-004, 0.0000000E+000, 0.0000000E+000,-4.7780141E-002,-1.4993918E-001,-6.4368713E-002,-1.9313600E-009, 2.5613700E-006, 2.1899522E-009, 4.2966266E-005
 1.1326150E+002, 4.3774689E-002,-6.1411171E-003,-5.4436812E-002,-2.3922671E-004, 0.0000000E+000, 0.0000000E+000,-4.7936585E-002,-1.5049774E-001,-6.4979052E-002,-1.9308230E-009, 2.5610078E-006, 2.1893433E-009, 4.2960662E-005
 1.1345515E+002, 4.3768492E-002,-6.0486819E-003,-5.5043788E-002,-2.2573871E-004, 0.0000000E+000, 0.0000000E+000,-4.8082848E-002,-1.5113130E-001,-6.5632564E-002,-1.9302898E-009, 2.5606469E-006, 2.1887387E-009, 4.2955074E-005
 1.1358424E+002, 4.3763443E-002,-5.9936811E-003,-5.5747893E-002,-2.1328754E-004, 0.0000000E+000, 0.0000000E+000,-4.8200791E-002,-1.5168893E-001,-6.6392210E-002,-1.9298467E-009, 2.5603470E-006, 2.1882362E-009, 4.2950429E-005
 1.1377789E+002, 4.3758167E-002,-5.9035279E-003,-5.6451862E-002,-2.1980469E-004, 0.0000000E+000, 0.0000000E+000,-4.8324770E-002,-1.5224610E-001,-6.7141798E-002,-1.9294053E-009, 2.5600481E-006, 2.1877357E-009, 4.2945795E-005
 1.1397154E+002, 4.3752209E-002,-5.8008921E-003,-5.7444669E-002,-2.1168382E-004, 0.0000000E+000, 0.0000000E+000,-4.8479454E-002,-1.5291507E-001,-6.8184490E-002,-1.9288795E-009, 2.5596904E-006, 2.1871395E-009, 4.2940249E-005
 1.1416519E+002, 4.3745925E-002,-5.6902652E-003,-5.8686800E-002,-1.9568048E-004, 0.0000000E+000, 0.0000000E+000,-4.8636900E-002,-1.5362708E-001,-6.9463721E-002,-1.9283564E-009, 2.5593340E-006, 2.1865464E-009, 4.2934719E-005
 1.1435884E+002, 4.3739950E-002,-5.5944440E-003,-5.9999208E-002,-1.9027386E-004, 0.0000000E+000, 0.0000000E+000,-4.8780165E-002,-1.5444384E-001,-7.0824141E-002,-1.9278346E-009, 2.5589790E-006, 2.1859547E-009, 4.2929205E-005
 1.1448794E+002, 4.3734833E-002,-5.5325833E-003,-6.1164744E-002,-1.8683425E-004, 0.0000000E+000, 0.0000000E+000,-4.8883311E-002,-1.5515623E-001,-7.2032640E-002,-1.9273995E-009, 2.5586839E-006, 2.1854613E-009, 4.2924621E-005
 1.1468159E+002, 4.3729751E-002,-5.4463415E-003,-6.2436994E-002,-1.7816281E-004, 0.0000000E+000, 0.0000000E+000,-4.9011234E-002,-1.5589208E-001,-7.3342982E-002,-1.9269687E-009, 2.5583898E-006, 2.1849729E-009, 4.2920049E-005
 1.1487524E+002, 4.3723691E-002,-5.3506081E-003,-6.3810355E-002,-1.7635493E-004, 0.0000000E+000, 0.0000000E+000,-4.9155478E-002,-1.5666838E-001,-7.4769105E-002,-1.9264584E-009, 2.5580378E-006, 2.1843942E-009, 4.2914575E-005
 1.1506889E+002, 4.3717687E-002,-5.2317520E-003,-6.4818645E-002,-1.6834787E-004, 0.0000000E+000, 0.0000000E+000,-4.9316555E-002,-1.5726256E-001,-7.5817613E-002,-1.9259453E-009, 2.5576871E-006, 2.1838124E-009, 4.2909117E-005
 1.1526254E+002, 4.3711732E-002,-5.1327682E-003,-6.5459201E-002,-1.6026618E-004, 0.0000000E+000, 0.0000000E+000,-4.9458617E-002,-1.5763654E-001,-7.6499120E-002,-1.9254350E-009, 2.5573376E-006, 2.1832338E-009, 4.2903676E-005
 1.1539164E+002, 4.3706738E-002,-5.0262028E-003,-6.5745730E-002,-1.5058602E-004, 0.0000000E+000, 0.0000000E+000,-4.9587309E-002,-1.5776817E-001,-7.6803089E-002,-1.9250113E-009, 2.5570474E-006, 2.1827534E-009, 4.2899153E-005
 1.1558529E+002, 4.3701668E-002,-4.9813754E-003,-6.5752123E-002,-1.4857440E-004, 0.0000000E+000, 0.0000000E+000,-4.9687564E-002,-1.5772488E-001,-7.6867970E-002,-1.9245871E-009, 2.5567578E-006, 2.1822724E-009, 4.2894640E-005
 1.1577894E+002, 4.3695825E-002,-4.8901941E-003,-6.5410535E-002,-1.4004524E-004, 0.0000000E+000, 0.0000000E+000,-4.9828559E-002,-1.5749766E-001,-7.6573509E-002,-1.9240797E-009, 2.5564115E-006, 2.1816970E-009, 4.2889238E-005
 1.1597259E+002, 4.3689820E-002,-4.7782252E-003,-6.4741643E-002,-1.3588312E-004, 0.0000000E+000, 0.0000000E+000,-4.9981725E-002,-1.5709166E-001,-7.5947657E-002,-1.9235728E-009, 2.5560663E-006, 2.1811223E-009, 4.2883851E-005
 1.1610168E+002, 4.3685045E-002,-4.7069244E-003,-6.3995935E-002,-1.2165369E-004, 0.0000000E+000, 0.0000000E+000,-5.0100780E-002,-1.5661939E-001,-7.5240248E-002,-1.9231533E-009, 2.5557796E-006, 2.1806466E-009, 4.2879374E-005
 1.1629533E+002, 4.3680097E-002,-4.6117040E-003,-6.3044746E-002,-1.2133102E-004, 0.0000000E+000, 0.0000000E+000,-5.0215962E-002,-1.5603651E-001,-7.4313646E-002,-1.9227336E-009, 2.5554938E-006, 2.1801708E-009, 4.2874908E-005
 1.1648898E+002, 4.3674264E-002,-4.5233126E-003,-6.1903330E-002,-1.1303485E-004, 0.0000000E+000, 0.0000000E+000,-5.0347600E-002,-1.5521695E-001,-7.3213013E-002,-1.9222319E-009, 2.5551518E-006, 2.1796018E-009, 4.2869562E-005
 1.1668263E+002, 4.3668402E-002,-4.4359522E-003,-6.0739184E-002,-1.0339953E-004, 0.0000000E+000, 0.0000000E+000,-5.0480158E-002,-1.5430199E-001,-7.2090292E-002,-1.9217378E-009, 2.5548110E-006, 2.1790416E-009, 4.2864230E-005
 1.1687628E+002, 4.3662587E-002,-4.3353881E-003,-5.9517612E-002,-9.6602173E-005, 0.0000000E+000, 0.0000000E+000,-5.0620671E-002,-1.5332885E-001,-7.0907687E-002,-1.9212494E-009, 2.5544712E-006, 2.1784879E-009, 4.2858912E-005
 1.1700538E+002, 4.3657747E-002,-4.2573341E-003,-5.8589923E-002,-9.8805995E-005, 0.0000000E+000, 0.0000000E+000,-5.0729249E-002,-1.5249067E-001,-7.0017566E-002,-1.9208399E-009, 2.5541889E-006, 2.1780235E-009, 4.2854491E-005
 1.1719903E+002, 4.3653013E-002,-4.1659121E-003,-5.7699495E-002,-8.0046564E-005, 0.0000000E+000, 0.0000000E+000,-5.0850988E-002,-1.5166521E-001,-6.9143429E-002,-1.9204316E-009, 2.5539075E-006, 2.1775605E-009, 4.2850082E-005
 1.1739268E+002, 4.3647130E-002,-4.0793260E-003,-5.6772098E-002,-8.0054293E-005, 0.0000000E+000, 0.0000000E+000,-5.0976223E-002,-1.5068858E-001,-6.8260572E-002,-1.9199431E-009, 2.5535708E-006, 2.1770066E-009, 4.2844803E-005
 1.1758633E+002, 4.3641434E-002,-3.9960778E-003,-5.6038666E-002,-7.2178061E-005, 0.0000000E+000, 0.0000000E+000,-5.1101053E-002,-1.4974840E-001,-6.7566540E-002,-1.9194576E-009, 2.5532351E-006, 2.1764561E-009, 4.2839538E-005
 1.1777998E+002, 4.3635754E-002,-3.9064980E-003,-5.5408272E-002,-6.4631608E-005, 0.0000000E+000, 0.0000000E+000,-5.1231458E-002,-1.4883023E-001,-6.6975106E-002,-1.9189816E-009, 2.5529005E-006, 2.1759163E-009, 4.2834286E-005
 1.1790907E+002, 4.3630963E-002,-3.7822385E-003,-5.5015732E-002,-6.3569057E-005, 0.0000000E+000, 0.0000000E+000,-5.1371263E-002,-1.4809049E-001,-6.6601839E-002,-1.9185866E-009, 2.5526225E-006, 2.1754685E-009, 4.2829920E-005
 1.1810272E+002, 4.3626154E-002,-3.7354235E-003,-5.4604386E-002,-4.7123164E-005, 0.0000000E+000, 0.0000000E+000,-5.1463615E-002,-1.4735939E-001,-6.6224393E-002,-1.9181866E-009, 2.5523453E-006, 2.1750149E-009, 4.2825565E-005
 1.1829637E+002, 4.3620453E-002,-3.6481055E-003,-5.4191410E-002,-4.1356159E-005, 0.0000000E+000, 0.0000000E+000,-5.1588546E-002,-1.4651670E-001,-6.5848965E-002,-1.9177042E-009, 2.5520137E-006, 2.1744680E-009, 4.2820351E-005
 1.1849002E+002, 4.3614783E-002,-3.5663690E-003,-5.3717428E-002,-3.2426571E-005, 0.0000000E+000, 0.0000000E+000,-5.1711676E-002,-1.4574428E-001,-6.5413116E-002,-1.9172232E-009, 2.5516831E-006, 2.1739225E-009, 4.2815151E-005
 1.1868367E+002, 4.3609155E-002,-3.4828825E-003,-5.3300952E-002,-2.5061357E-005, 0.0000000E+000, 0.0000000E+000,-5.1838167E-002,-1.4503440E-001,-6.5037908E-002,-1.9167538E-009, 2.5513536E-006, 2.1733903E-009, 4.2809964E-005
 1.1881277E+002, 4.3604377E-002,-3.4130689E-003,-5.2883301E-002,-1.8587964E-005, 0.0000000E+000, 0.0000000E+000,-5.1950206E-002,-1.4448193E-001,-6.4660787E-002,-1.9163671E-009, 2.5510797E-006, 2.1729519E-009, 4.2805651E-005
 1.1900642E+002, 4.3599752E-002,-3.3142502E-003,-5.2515689E-002,-1.5007556E-005, 0.0000000E+000, 0.0000000E+000,-5.2064749E-002,-1.4394726E-001,-6.4309943E-002,-1.9159767E-009, 2.5508067E-006, 2.1725092E-009, 4.2801350E-005
 1.1920007E+002, 4.3594137E-002,-3.2267582E-003,-5.2040320E-002,-1.3688932E-005, 0.0000000E+000, 0.0000000E+000,-5.2187730E-002,-1.4330896E-001,-6.3874360E-002,-1.9155036E-009, 2.5504801E-006, 2.1719727E-009, 4.2796200E-005
 1.1939372E+002, 4.3588589E-002,-3.1452424E-003,-5.1435737E-002,-1.1366578E-005, 0.0000000E+000, 0.0000000E+000,-5.2307481E-002,-1.4265241E-001,-6.3311238E-002,-1.9150271E-009, 2.5501545E-006, 2.1714324E-009, 4.2791064E-005
 1.1952282E+002, 4.3583980E-002,-3.0912097E-003,-5.0851451E-002,-1.2837019E-006, 0.0000000E+000, 0.0000000E+000,-5.2395923E-002,-1.4206287E-001,-6.2755888E-002,-1.9146332E-009, 2.5498839E-006, 2.1709858E-009, 4.2786792E-005
 1.1971647E+002, 4.3579296E-002,-3.0063030E-003,-5.0280075E-002,-3.2981348E-006, 0.0000000E+000, 0.0000000E+000,-5.2511924E-002,-1.4147006E-001,-6.2222304E-002,-1.9142419E-009, 2.5496140E-006, 2.1705420E-009, 4.2782531E-005
 1.1991012E+002, 4.3573759E-002,-2.8998365E-003,-4.9391386E-002, 1.0579200E-005, 0.0000000E+000, 0.0000000E+000,-5.2651378E-002,-1.4068506E-001,-6.1358263E-002,-1.9137661E-009, 2.5492911E-006, 2.1700025E-009, 4.2777430E-005
 1.2010377E+002, 4.3568369E-002,-2.8122708E-003,-4.8566758E-002, 1.4184290E-005, 0.0000000E+000, 0.0000000E+000,-5.2773257E-002,-1.3984934E-001,-6.0569733E-002,-1.9132942E-009, 2.5489694E-006, 2.1694675E-009, 4.2772342E-005
 1.2029742E+002, 4.3562889E-002,-2.7313869E-003,-4.7707449E-002, 1.5354855E-005, 0.0000000E+000, 0.0000000E+000,-5.2890534E-002,-1.3895647E-001,-5.9751126E-002,-1.9128295E-009, 2.5486486E-006, 2.1689405E-009, 4.2767268E-005
 1.2042651E+002, 4.3558110E-002,-2.6389110E-003,-4.7005132E-002, 2.9717883E-005, 0.0000000E+000, 0.0000000E+000,-5.3001707E-002,-1.3818914E-001,-5.9057922E-002,-1.9124491E-009, 2.5483820E-006, 2.1685092E-009, 4.2763049E-005
 1.2062016E+002, 4.3553674E-002,-2.5991371E-003,-4.6250973E-002, 3.6533575E-005, 0.0000000E+000, 0.0000000E+000,-5.3089428E-002,-1.3737068E-001,-5.8349330E-002,-1.9120662E-009, 2.5481161E-006, 2.1680751E-009, 4.2758839E-005
 1.2081381E+002, 4.3548259E-002,-2.5003708E-003,-4.5401364E-002, 4.4706579E-005, 0.0000000E+000, 0.0000000E+000,-5.3222146E-002,-1.3638853E-001,-5.7530915E-002,-1.9116201E-009, 2.5477980E-006, 2.1675693E-009, 4.2753798E-005
 1.2100746E+002, 4.3542782E-002,-2.4094855E-003,-4.4675010E-002, 4.5221960E-005, 0.0000000E+000, 0.0000000E+000,-5.3348450E-002,-1.3541552E-001,-5.6844942E-002,-1.9111728E-009, 2.5474810E-006, 2.1670620E-009, 4.2748772E-005
 1.2120111E+002, 4.3537360E-002,-2.3279569E-003,-4.3943373E-002, 5.6223963E-005, 0.0000000E+000, 0.0000000E+000,-5.3466449E-002,-1.3444634E-001,-5.6144195E-002,-1.9107219E-009, 2.5471650E-006, 2.1665508E-009, 4.2743759E-005
 1.2133021E+002, 4.3532800E-002,-2.2795667E-003,-4.3317282E-002, 6.1904187E-005, 0.0000000E+000, 0.0000000E+000,-5.3561621E-002,-1.3365155E-001,-5.5563765E-002,-1.9103432E-009, 2.5469023E-006, 2.1661214E-009, 4.2739590E-005
 1.2152386E+002, 4.3528374E-002,-2.2007744E-003,-4.2734591E-002, 6.1101843E-005, 0.0000000E+000, 0.0000000E+000,-5.3661554E-002,-1.3286643E-001,-5.5007443E-002,-1.9099614E-009, 2.5466405E-006, 2.1656884E-009, 4.2735432E-005
 1.2171751E+002, 4.3522970E-002,-2.1121378E-003,-4.1981851E-002, 7.3774836E-005, 0.0000000E+000, 0.0000000E+000,-5.3783379E-002,-1.3193161E-001,-5.4280623E-002,-1.9095007E-009, 2.5463270E-006, 2.1651660E-009, 4.2730452E-005
 1.2191116E+002, 4.3517700E-002,-2.0174500E-003,-4.1309312E-002, 7.7619793E-005, 0.0000000E+000, 0.0000000E+000,-5.3906628E-002,-1.3102747E-001,-5.3638070E-002,-1.9090397E-009, 2.5460146E-006, 2.1646434E-009, 4.2725485E-005
 1.2204026E+002, 4.3513127E-002,-1.9607494E-003,-4.0780707E-002, 7.6168621E-005, 0.0000000E+000, 0.0000000E+000,-5.3988855E-002,-1.3029708E-001,-5.3141015E-002,-1.9086565E-009, 2.5457550E-006, 2.1642088E-009, 4.2721355E-005
 1.2223391E+002, 4.3508774E-002,-1.8859087E-003,-4.0260055E-002, 8.7891634E-005, 0.0000000E+000, 0.0000000E+000,-5.4090526E-002,-1.2963895E-001,-5.2639824E-002,-1.9082742E-009, 2.5454961E-006, 2.1637754E-009, 4.2717235E-005
 1.2242756E+002, 4.3503480E-002,-1.8124994E-003,-3.9704836E-002, 9.1381137E-005, 0.0000000E+000, 0.0000000E+000,-5.4200629E-002,-1.2887983E-001,-5.2123103E-002,-1.9078128E-009, 2.5451862E-006, 2.1632522E-009, 4.2712301E-005
 1.2262121E+002, 4.3498163E-002,-1.7331467E-003,-3.9053887E-002, 9.4095955E-005, 0.0000000E+000, 0.0000000E+000,-5.4315955E-002,-1.2816166E-001,-5.1510729E-002,-1.9073522E-009, 2.5448773E-006, 2.1627300E-009, 4.2707378E-005
 1.2281486E+002, 4.3492875E-002,-1.6342607E-003,-3.8560220E-002, 9.7042254E-005, 0.0000000E+000, 0.0000000E+000,-5.4446001E-002,-1.2746579E-001,-5.1050565E-002,-1.9068943E-009, 2.5445693E-006, 2.1622107E-009, 4.2702468E-005
 1.2294395E+002, 4.3488357E-002,-1.5407800E-003,-3.8033424E-002, 1.0272922E-004, 0.0000000E+000, 0.0000000E+000,-5.4554224E-002,-1.2692810E-001,-5.0537342E-002,-1.9065143E-009, 2.5443134E-006, 2.1617798E-009, 4.2698387E-005
 1.2313760E+002, 4.3484148E-002,-1.5026713E-003,-3.7582617E-002, 1.1205024E-004, 0.0000000E+000, 0.0000000E+000,-5.4632374E-002,-1.2639278E-001,-5.0121465E-002,-1.9061370E-009, 2.5440582E-006, 2.1613520E-009, 4.2694314E-005
 1.2333125E+002, 4.3478855E-002,-1.4300898E-003,-3.7141683E-002, 1.1162981E-004, 0.0000000E+000, 0.0000000E+000,-5.4742185E-002,-1.2581830E-001,-4.9723473E-002,-1.9056984E-009, 2.5437528E-006, 2.1608547E-009, 4.2689437E-005
 1.2352490E+002, 4.3473672E-002,-1.3558343E-003,-3.6656327E-002, 1.1832815E-004, 0.0000000E+000, 0.0000000E+000,-5.4855368E-002,-1.2532696E-001,-4.9275529E-002,-1.9052627E-009, 2.5434483E-006, 2.1603607E-009, 4.2684572E-005
 1.2371855E+002, 4.3468542E-002,-1.2633551E-003,-3.6419495E-002, 1.2628154E-004, 0.0000000E+000, 0.0000000E+000,-5.4979322E-002,-1.2496978E-001,-4.9067348E-002,-1.9048216E-009, 2.5431448E-006, 2.1598604E-009, 4.2679719E-005
 1.2384765E+002, 4.3464042E-002,-1.2048402E-003,-3.6339136E-002, 1.2789102E-004, 0.0000000E+000, 0.0000000E+000,-5.5075371E-002,-1.2475239E-001,-4.9027414E-002,-1.9044520E-009, 2.5428925E-006, 2.1594414E-009, 4.2675685E-005
 1.2404130E+002, 4.3459862E-002,-1.1258641E-003,-3.6403438E-002, 1.3037081E-004, 0.0000000E+000, 0.0000000E+000,-5.5168306E-002,-1.2463530E-001,-4.9107376E-002,-1.9040832E-009, 2.5426410E-006, 2.1590232E-009, 4.2671660E-005
 1.2423495E+002, 4.3454689E-002,-1.0525964E-003,-3.6581549E-002, 1.3819179E-004, 0.0000000E+000, 0.0000000E+000,-5.5274471E-002,-1.2459072E-001,-4.9315735E-002,-1.9036495E-009, 2.5423400E-006, 2.1585314E-009, 4.2666840E-005
 1.2442860E+002, 4.3449584E-002,-9.7955531E-004,-3.6855814E-002, 1.4438905E-004, 0.0000000E+000, 0.0000000E+000,-5.5382300E-002,-1.2461405E-001,-4.9623696E-002,-1.9032233E-009, 2.5420399E-006, 2.1580482E-009, 4.2662031E-005
 1.2462225E+002, 4.3444372E-002,-8.9427791E-004,-3.7094557E-002, 1.4036097E-004, 0.0000000E+000, 0.0000000E+000,-5.5497551E-002,-1.2465650E-001,-4.9901653E-002,-1.9027930E-009, 2.5417407E-006, 2.1575603E-009, 4.2657234E-005
 1.2475134E+002, 4.3440176E-002,-8.2785056E-004,-3.7364296E-002, 1.4827966E-004, 0.0000000E+000, 0.0000000E+000,-5.5586715E-002,-1.2466033E-001,-5.0190405E-002,-1.9024304E-009, 2.5414920E-006, 2.1571491E-009, 4.2653246E-005
 1.2494499E+002, 4.3435875E-002,-7.4887444E-004,-3.7575715E-002, 1.5174554E-004, 0.0000000E+000, 0.0000000E+000,-5.5687509E-002,-1.2464534E-001,-5.0424478E-002,-1.9020684E-009, 2.5412441E-006, 2.1567387E-009, 4.2649267E-005
 1.2513864E+002, 4.3430794E-002,-6.7417689E-004,-3.7739870E-002, 1.5836605E-004, 0.0000000E+000, 0.0000000E+000,-5.5790408E-002,-1.2455895E-001,-5.0615295E-002,-1.9016566E-009, 2.5409474E-006, 2.1562717E-009, 4.2644502E-005
 1.2533229E+002, 4.3425727E-002,-6.0207348E-004,-3.7804934E-002, 1.6207864E-004, 0.0000000E+000, 0.0000000E+000,-5.5893072E-002,-1.2437616E-001,-5.0712274E-002,-1.9012545E-009, 2.5406515E-006, 2.1558158E-009, 4.2639748E-005
 1.2546140E+002, 4.3421563E-002,-5.1277994E-004,-3.7710451E-002, 1.6803548E-004, 0.0000000E+000, 0.0000000E+000,-5.5995499E-002,-1.2415116E-001,-5.0629131E-002,-1.9009100E-009, 2.5404056E-006, 2.1554252E-009, 4.2635796E-005
 1.2565504E+002, 4.3417286E-002,-4.5926354E-004,-3.7605002E-002, 1.7428332E-004, 0.0000000E+000, 0.0000000E+000,-5.6080803E-002,-1.2382201E-001,-5.0553500E-002,-1.9005635E-009, 2.5401603E-006, 2.1550323E-009, 4.2631850E-005
 1.2584869E+002, 4.3412255E-002,-3.7413303E-004,-3.7286164E-002, 1.7571351E-004, 0.0000000E+000, 0.0000000E+000,-5.6190219E-002,-1.2333596E-001,-5.0262548E-002,-1.9001429E-009, 2.5398669E-006, 2.1545553E-009, 4.2627128E-005
 1.2604234E+002, 4.3407329E-002,-2.9758866E-004,-3.6816214E-002, 1.8054402E-004, 0.0000000E+000, 0.0000000E+000,-5.6291239E-002,-1.2274265E-001,-4.9817169E-002,-1.8997239E-009, 2.5395743E-006, 2.1540802E-009, 4.2622416E-005
 1.2623599E+002, 4.3402215E-002,-2.2619173E-004,-3.6116289E-002, 1.8318385E-004, 0.0000000E+000, 0.0000000E+000,-5.6390269E-002,-1.2204033E-001,-4.9147351E-002,-1.8993050E-009, 2.5392825E-006, 2.1536052E-009, 4.2617715E-005
 1.2636509E+002, 4.3398122E-002,-1.7963748E-004,-3.5495414E-002, 1.9042533E-004, 0.0000000E+000, 0.0000000E+000,-5.6473235E-002,-1.2140447E-001,-4.8559740E-002,-1.8989539E-009, 2.5390400E-006, 2.1532072E-009, 4.2613806E-005
 1.2655874E+002, 4.3393952E-002,-9.5135544E-005,-3.4826794E-002, 1.9167490E-004, 0.0000000E+000, 0.0000000E+000,-5.6565804E-002,-1.2073385E-001,-4.7902106E-002,-1.8986026E-009, 2.5387981E-006, 2.1528088E-009, 4.2609905E-005
 1.2675239E+002, 4.3389012E-002,-6.4929916E-006,-3.3908286E-002, 1.9898301E-004, 0.0000000E+000, 0.0000000E+000,-5.6676634E-002,-1.1989977E-001,-4.7003418E-002,-1.8981808E-009, 2.5385086E-006, 2.1523305E-009, 4.2605234E-005
 1.2694604E+002, 4.3384052E-002, 6.9363719E-005,-3.2937932E-002, 2.0163537E-004, 0.0000000E+000, 0.0000000E+000,-5.6775344E-002,-1.1905428E-001,-4.6058224E-002,-1.8977595E-009, 2.5382200E-006, 2.1518529E-009, 4.2600574E-005
 1.2713969E+002, 4.3379044E-002, 1.3958043E-004,-3.2056256E-002, 2.0347868E-004, 0.0000000E+000, 0.0000000E+000,-5.6870973E-002,-1.1822917E-001,-4.5205126E-002,-1.8973394E-009, 2.5379323E-006, 2.1513765E-009, 4.2595925E-005
 1.2726878E+002, 4.3375076E-002, 1.8550902E-004,-3.1334806E-002, 2.0961199E-004, 0.0000000E+000, 0.0000000E+000,-5.6940942E-002,-1.1755316E-001,-4.4505552E-002,-1.8969886E-009, 2.5376930E-006, 2.1509788E-009, 4.2592058E-005
 1.2746243E+002, 4.3370978E-002, 2.5878460E-004,-3.0650723E-002, 2.1164102E-004, 0.0000000E+000, 0.0000000E+000,-5.7035521E-002,-1.1693467E-001,-4.3844840E-002,-1.8966422E-009, 2.5374544E-006, 2.1505859E-009, 4.2588200E-005
 1.2765608E+002, 4.3366002E-002, 3.5070841E-004,-3.0109327E-002, 2.1669995E-004, 0.0000000E+000, 0.0000000E+000,-5.7149222E-002,-1.1624301E-001,-4.3325138E-002,-1.8962304E-009, 2.5371689E-006, 2.1501190E-009, 4.2583579E-005
 1.2784973E+002, 4.3361250E-002, 4.2611134E-004,-2.9507089E-002, 2.1729478E-004, 0.0000000E+000, 0.0000000E+000,-5.7247175E-002,-1.1564013E-001,-4.2749608E-002,-1.8958172E-009, 2.5368842E-006, 2.1496504E-009, 4.2578970E-005
 1.2804338E+002, 4.3356314E-002, 4.9573499E-004,-2.9193632E-002, 2.2596710E-004, 0.0000000E+000, 0.0000000E+000,-5.7340512E-002,-1.1512853E-001,-4.2456128E-002,-1.8954031E-009, 2.5366003E-006, 2.1491810E-009, 4.2574371E-005
 1.2817249E+002, 4.3352266E-002, 5.7556407E-004,-2.8986291E-002, 2.2146351E-004, 0.0000000E+000, 0.0000000E+000,-5.7429892E-002,-1.1477876E-001,-4.2266889E-002,-1.8950609E-009, 2.5363643E-006, 2.1487930E-009, 4.2570546E-005
 1.2836613E+002, 4.3348280E-002, 6.0990748E-004,-2.8943494E-002, 2.2782603E-004, 0.0000000E+000, 0.0000000E+000,-5.7498862E-002,-1.1443585E-001,-4.2256343E-002,-1.8947194E-009, 2.5361289E-006, 2.1484057E-009, 4.2566728E-005
 1.2855978E+002, 4.3343422E-002, 6.9595064E-004,-2.8781915E-002, 2.2967385E-004, 0.0000000E+000, 0.0000000E+000,-5.7605115E-002,-1.1405494E-001,-4.2117983E-002,-1.8943104E-009, 2.5358471E-006, 2.1479419E-009, 4.2562157E-005
 1.2875343E+002, 4.3338665E-002, 7.7549051E-004,-2.8940818E-002, 2.3967336E-004, 0.0000000E+000, 0.0000000E+000,-5.7704768E-002,-1.1366590E-001,-4.2291757E-002,-1.8939018E-009, 2.5355662E-006, 2.1474786E-009, 4.2557597E-005
 1.2888252E+002, 4.3334643E-002, 8.2307239E-004,-2.8805411E-002, 2.4230060E-004, 0.0000000E+000, 0.0000000E+000,-5.7779546E-002,-1.1332868E-001,-4.2184941E-002,-1.8935646E-009, 2.5353327E-006, 2.1470963E-009, 4.2553804E-005
 1.2907617E+002, 4.3330492E-002, 8.9173471E-004,-2.8718650E-002, 2.4668690E-004, 0.0000000E+000, 0.0000000E+000,-5.7856672E-002,-1.1296155E-001,-4.2106408E-002,-1.8932317E-009, 2.5350998E-006, 2.1467188E-009, 4.2550019E-005
 1.2926982E+002, 4.3325802E-002, 9.5914125E-004,-2.8600152E-002, 2.4996322E-004, 0.0000000E+000, 0.0000000E+000,-5.7948587E-002,-1.1248262E-001,-4.2013832E-002,-1.8928325E-009, 2.5348210E-006, 2.1462661E-009, 4.2545485E-005
 1.2946347E+002, 4.3321058E-002, 1.0375196E-003,-2.8315850E-002, 2.5891655E-004, 0.0000000E+000, 0.0000000E+000,-5.8047973E-002,-1.1194936E-001,-4.1746329E-002,-1.8924374E-009, 2.5345429E-006, 2.1458182E-009, 4.2540962E-005
 1.2965712E+002, 4.3316337E-002, 1.1214187E-003,-2.7986803E-002, 2.6073167E-004, 0.0000000E+000, 0.0000000E+000,-5.8150181E-002,-1.1134514E-001,-4.1438497E-002,-1.8920525E-009, 2.5342656E-006, 2.1453817E-009, 4.2536449E-005
 1.2978622E+002, 4.3312344E-002, 1.1715750E-003,-2.7545897E-002, 2.6272573E-004, 0.0000000E+000, 0.0000000E+000,-5.8216692E-002,-1.1078568E-001,-4.1015945E-002,-1.8917302E-009, 2.5340352E-006, 2.1450162E-009, 4.2532696E-005
 1.2997987E+002, 4.3308370E-002, 1.2379563E-003,-2.7174425E-002, 2.7318854E-004, 0.0000000E+000, 0.0000000E+000,-5.8299847E-002,-1.1021975E-001,-4.0654757E-002,-1.8914084E-009, 2.5338053E-006, 2.1446514E-009, 4.2528950E-005
 1.3017352E+002, 4.3303690E-002, 1.3028248E-003,-2.6583455E-002, 2.7521742E-004, 0.0000000E+000, 0.0000000E+000,-5.8388089E-002,-1.0949220E-001,-4.0089812E-002,-1.8910253E-009, 2.5335302E-006, 2.1442170E-009, 4.2524464E-005
 1.3036717E+002, 4.3298920E-002, 1.3728709E-003,-2.5859771E-002, 2.7824414E-004, 0.0000000E+000, 0.0000000E+000,-5.8480776E-002,-1.0873524E-001,-3.9390512E-002,-1.8906462E-009, 2.5332557E-006, 2.1437871E-009, 4.2519987E-005
 1.3056082E+002, 4.3294302E-002, 1.4601727E-003,-2.5053727E-002, 2.7918451E-004, 0.0000000E+000, 0.0000000E+000,-5.8586438E-002,-1.0796699E-001,-3.8606506E-002,-1.8902650E-009, 2.5329820E-006, 2.1433549E-009, 4.2515521E-005
 1.3068993E+002, 4.3290421E-002, 1.5423593E-003,-2.4413446E-002, 2.8758119E-004, 0.0000000E+000, 0.0000000E+000,-5.8674144E-002,-1.0733839E-001,-3.7967228E-002,-1.8899453E-009, 2.5327546E-006, 2.1429923E-009, 4.2511807E-005
 1.3088358E+002, 4.3286421E-002, 1.5759193E-003,-2.3739493E-002, 2.8915984E-004, 0.0000000E+000, 0.0000000E+000,-5.8734887E-002,-1.0669715E-001,-3.7322880E-002,-1.8896241E-009, 2.5325277E-006, 2.1426281E-009, 4.2508100E-005
 1.3107722E+002, 4.3281986E-002, 1.6394423E-003,-2.2852173E-002, 2.9423912E-004, 0.0000000E+000, 0.0000000E+000,-5.8821709E-002,-1.0596531E-001,-3.6458215E-002,-1.8892413E-009, 2.5322561E-006, 2.1421942E-009, 4.2503660E-005
 1.3127087E+002, 4.3277197E-002, 1.7042443E-003,-2.2141461E-002, 2.9700948E-004, 0.0000000E+000, 0.0000000E+000,-5.8911268E-002,-1.0526706E-001,-3.5774277E-002,-1.8888615E-009, 2.5319853E-006, 2.1417634E-009, 4.2499229E-005
 1.3146452E+002, 4.3272665E-002, 1.7850204E-003,-2.1487831E-002, 3.0169702E-004, 0.0000000E+000, 0.0000000E+000,-5.9010477E-002,-1.0459815E-001,-3.5138926E-002,-1.8884811E-009, 2.5317151E-006, 2.1413321E-009, 4.2494809E-005
 1.3159361E+002, 4.3268773E-002, 1.8362121E-003,-2.0928809E-002, 3.0887510E-004, 0.0000000E+000, 0.0000000E+000,-5.9087135E-002,-1.0407432E-001,-3.4602084E-002,-1.8881619E-009, 2.5314906E-006, 2.1409702E-009, 4.2491132E-005
 1.3178726E+002, 4.3264825E-002, 1.9044381E-003,-2.0474965E-002, 3.0916504E-004, 0.0000000E+000, 0.0000000E+000,-5.9161534E-002,-1.0358196E-001,-3.4158072E-002,-1.8878420E-009, 2.5312667E-006, 2.1406074E-009, 4.2487464E-005
 1.3198091E+002, 4.3260373E-002, 1.9674492E-003,-2.0089632E-002, 3.1833246E-004, 0.0000000E+000, 0.0000000E+000,-5.9246138E-002,-1.0303748E-001,-3.3789616E-002,-1.8874572E-009, 2.5309986E-006, 2.1401712E-009, 4.2483070E-005
 1.3217456E+002, 4.3255765E-002, 2.0298482E-003,-1.9733715E-002, 3.1857409E-004, 0.0000000E+000, 0.0000000E+000,-5.9332164E-002,-1.0253686E-001,-3.3461692E-002,-1.8870730E-009, 2.5307312E-006, 2.1397355E-009, 4.2478684E-005
 1.3230367E+002, 4.3251866E-002, 2.0757606E-003,-1.9536812E-002, 3.2215843E-004, 0.0000000E+000, 0.0000000E+000,-5.9395701E-002,-1.0216325E-001,-3.3282727E-002,-1.8867541E-009, 2.5305089E-006, 2.1393739E-009, 4.2475037E-005
 1.3249731E+002, 4.3248266E-002, 2.1585039E-003,-1.9408962E-002, 3.2901776E-004, 0.0000000E+000, 0.0000000E+000,-5.9492323E-002,-1.0186494E-001,-3.3165498E-002,-1.8864340E-009, 2.5302872E-006, 2.1390110E-009, 4.2471397E-005
 1.3269096E+002, 4.3243553E-002, 2.2270419E-003,-1.9362303E-002, 3.3593533E-004, 0.0000000E+000, 0.0000000E+000,-5.9578947E-002,-1.0154672E-001,-3.3134720E-002,-1.8860525E-009, 2.5300219E-006, 2.1385783E-009, 4.2467038E-005
 1.3288461E+002, 4.3239116E-002, 2.2902939E-003,-1.9417053E-002, 3.4081339E-004, 0.0000000E+000, 0.0000000E+000,-5.9661353E-002,-1.0129462E-001,-3.3208182E-002,-1.8856727E-009, 2.5297572E-006, 2.1381477E-009, 4.2462689E-005
 1.3307826E+002, 4.3234453E-002, 2.3511188E-003,-1.9475191E-002, 3.4602000E-004, 0.0000000E+000, 0.0000000E+000,-5.9743991E-002,-1.0109834E-001,-3.3287591E-002,-1.8852913E-009, 2.5294933E-006, 2.1377153E-009, 4.2458348E-005
 1.3320737E+002, 4.3230786E-002, 2.4273961E-003,-1.9585841E-002, 3.4288792E-004, 0.0000000E+000, 0.0000000E+000,-5.9828245E-002,-1.0096573E-001,-3.3413017E-002,-1.8849739E-009, 2.5292739E-006, 2.1373553E-009, 4.2454738E-005
 1.3340102E+002, 4.3227050E-002, 2.4728333E-003,-1.9647555E-002, 3.5014296E-004, 0.0000000E+000, 0.0000000E+000,-5.9897432E-002,-1.0082565E-001,-3.3494961E-002,-1.8846564E-009, 2.5290549E-006, 2.1369953E-009, 4.2451134E-005
 1.3359467E+002, 4.3222514E-002, 2.5457692E-003,-1.9857211E-002, 3.5666949E-004, 0.0000000E+000, 0.0000000E+000,-5.9987242E-002,-1.0067323E-001,-3.3719500E-002,-1.8842744E-009, 2.5287929E-006, 2.1365622E-009, 4.2446819E-005
 1.3378831E+002, 4.3218054E-002, 2.6113101E-003,-1.9871092E-002, 3.6056609E-004, 0.0000000E+000, 0.0000000E+000,-6.0070056E-002,-1.0051167E-001,-3.3751217E-002,-1.8838942E-009, 2.5285317E-006, 2.1361310E-009, 4.2442513E-005
 1.3398196E+002, 4.3213596E-002, 2.6725000E-003,-1.9871365E-002, 3.6289433E-004, 0.0000000E+000, 0.0000000E+000,-6.0151312E-002,-1.0033174E-001,-3.3773687E-002,-1.8835185E-009, 2.5282711E-006, 2.1357051E-009, 4.2438216E-005
 1.3411105E+002, 4.3209850E-002, 2.7126894E-003,-1.9864112E-002, 3.6857500E-004, 0.0000000E+000, 0.0000000E+000,-6.0219544E-002,-1.0016254E-001,-3.3792541E-002,-1.8832048E-009, 2.5280544E-006, 2.1353494E-009, 4.2434641E-005
 1.3430470E+002, 4.3206190E-002, 2.7858216E-003,-1.9755952E-002, 3.6967824E-004, 0.0000000E+000, 0.0000000E+000,-6.0296595E-002,-9.9975547E-002,-3.3690857E-002,-1.8828921E-009, 2.5278383E-006, 2.1349948E-009, 4.2431074E-005
 1.3449835E+002, 4.3201675E-002, 2.8632688E-003,-1.9569834E-002, 3.7606339E-004, 0.0000000E+000, 0.0000000E+000,-6.0389032E-002,-9.9710228E-002,-3.3517859E-002,-1.8825247E-009, 2.5275796E-006, 2.1345782E-009, 4.2426802E-005
 1.3469200E+002, 4.3197348E-002, 2.9296401E-003,-1.9237055E-002, 3.8171289E-004, 0.0000000E+000, 0.0000000E+000,-6.0471120E-002,-9.9415695E-002,-3.3199473E-002,-1.8821627E-009, 2.5273217E-006, 2.1341677E-009, 4.2422539E-005
 1.3482111E+002, 4.3193532E-002, 2.9715545E-003,-1.8949528E-002, 3.8031459E-004, 0.0000000E+000, 0.0000000E+000,-6.0528617E-002,-9.9142767E-002,-3.2932744E-002,-1.8818636E-009, 2.5271072E-006, 2.1338285E-009, 4.2418993E-005
 1.3501476E+002, 4.3189997E-002, 3.0309842E-003,-1.8732481E-002, 3.8517711E-004, 0.0000000E+000, 0.0000000E+000,-6.0604815E-002,-9.8878663E-002,-3.2731137E-002,-1.8815687E-009, 2.5268932E-006, 2.1334943E-009, 4.2415454E-005
 1.3520840E+002, 4.3185630E-002, 3.0959626E-003,-1.8418937E-002, 3.9108529E-004, 0.0000000E+000, 0.0000000E+000,-6.0690397E-002,-9.8541166E-002,-3.2436656E-002,-1.8812143E-009, 2.5266371E-006, 2.1330924E-009, 4.2411214E-005
 1.3540205E+002, 4.3181204E-002, 3.1772867E-003,-1.8078265E-002, 3.8958411E-004, 0.0000000E+000, 0.0000000E+000,-6.0788209E-002,-9.8179924E-002,-3.2118399E-002,-1.8808533E-009, 2.5263817E-006, 2.1326831E-009, 4.2406984E-005
 1.3559570E+002, 4.3176798E-002, 3.2439917E-003,-1.7661226E-002, 3.9351425E-004, 0.0000000E+000, 0.0000000E+000,-6.0872386E-002,-9.7794881E-002,-3.1719307E-002,-1.8804959E-009, 2.5261270E-006, 2.1322778E-009, 4.2402764E-005
 1.3572479E+002, 4.3173300E-002, 3.3161731E-003,-1.7274072E-002, 3.9172081E-004, 0.0000000E+000, 0.0000000E+000,-6.0949999E-002,-9.7464974E-002,-3.1342877E-002,-1.8801973E-009, 2.5259153E-006, 2.1319392E-009, 4.2399255E-005
 1.3591844E+002, 4.3169591E-002, 3.3450625E-003,-1.7007653E-002, 3.9767634E-004, 0.0000000E+000, 0.0000000E+000,-6.1005928E-002,-9.7097274E-002,-3.1101252E-002,-1.8798984E-009, 2.5257041E-006, 2.1316002E-009, 4.2395751E-005
 1.3611209E+002, 4.3165264E-002, 3.4058157E-003,-1.6663793E-002, 4.0285691E-004, 0.0000000E+000, 0.0000000E+000,-6.1088372E-002,-9.6646425E-002,-3.0778228E-002,-1.8795407E-009, 2.5254512E-006, 2.1311947E-009, 4.2391554E-005
 1.3630574E+002, 4.3160955E-002, 3.4815307E-003,-1.6311939E-002, 4.0457463E-004, 0.0000000E+000, 0.0000000E+000,-6.1179410E-002,-9.6173812E-002,-3.0444289E-002,-1.8791839E-009, 2.5251990E-006, 2.1307902E-009, 4.2387367E-005
 1.3649939E+002, 4.3156668E-002, 3.5514329E-003,-1.5961869E-002, 4.1239189E-004, 0.0000000E+000, 0.0000000E+000,-6.1265106E-002,-9.5685225E-002,-3.0106482E-002,-1.8788254E-009, 2.5249476E-006, 2.1303837E-009, 4.2383189E-005
 1.3662849E+002, 4.3152998E-002, 3.5932553E-003,-1.5694415E-002, 4.1440186E-004, 0.0000000E+000, 0.0000000E+000,-6.1329375E-002,-9.5279875E-002,-2.9863135E-002,-1.8785258E-009, 2.5247386E-006, 2.1300439E-009, 4.2379713E-005
 1.3682214E+002, 4.3149559E-002, 3.6529013E-003,-1.5514077E-002, 4.1672230E-004, 0.0000000E+000, 0.0000000E+000,-6.1395727E-002,-9.4877436E-002,-2.9690621E-002,-1.8782249E-009, 2.5245301E-006, 2.1297027E-009, 4.2376245E-005
 1.3701579E+002, 4.3145238E-002, 3.7114488E-003,-1.5161949E-002, 4.2120325E-004, 0.0000000E+000, 0.0000000E+000,-6.1474504E-002,-9.4402607E-002,-2.9358563E-002,-1.8778635E-009, 2.5242804E-006, 2.1292929E-009, 4.2372090E-005
 1.3720944E+002, 4.3140853E-002, 3.7797782E-003,-1.4866499E-002, 4.2818141E-004, 0.0000000E+000, 0.0000000E+000,-6.1559897E-002,-9.3942211E-002,-2.9077583E-002,-1.8775038E-009, 2.5240314E-006, 2.1288851E-009, 4.2367944E-005
 1.3740309E+002, 4.3136694E-002, 3.8532052E-003,-1.4609096E-002, 4.3316632E-004, 0.0000000E+000, 0.0000000E+000,-6.1647974E-002,-9.3504126E-002,-2.8834005E-002,-1.8771466E-009, 2.5237831E-006, 2.1284801E-009, 4.2363806E-005
 1.3753220E+002, 4.3133191E-002, 3.8967624E-003,-1.4424716E-002, 4.3562504E-004, 0.0000000E+000, 0.0000000E+000,-6.1704790E-002,-9.3148221E-002,-2.8663927E-002,-1.8768494E-009, 2.5235767E-006, 2.1281431E-009, 4.2360365E-005
 1.3772585E+002, 4.3129677E-002, 3.9549906E-003,-1.4255657E-002, 4.3804052E-004, 0.0000000E+000, 0.0000000E+000,-6.1776743E-002,-9.2828989E-002,-2.8509692E-002,-1.8765540E-009, 2.5233708E-006, 2.1278081E-009, 4.2356931E-005
 1.3791949E+002, 4.3125381E-002, 4.0115754E-003,-1.4068969E-002, 4.4758841E-004, 0.0000000E+000, 0.0000000E+000,-6.1852598E-002,-9.2455448E-002,-2.8337023E-002,-1.8762012E-009, 2.5231243E-006, 2.1274081E-009, 4.2352817E-005
 1.3811314E+002, 4.3121137E-002, 4.0729627E-003,-1.3879613E-002, 4.4973365E-004, 0.0000000E+000, 0.0000000E+000,-6.1932111E-002,-9.2096484E-002,-2.8167890E-002,-1.8758493E-009, 2.5228784E-006, 2.1270091E-009, 4.2348711E-005
 1.3824223E+002, 4.3117709E-002, 4.1597067E-003,-1.3697839E-002, 4.4940591E-004, 0.0000000E+000, 0.0000000E+000,-6.2021324E-002,-9.1804159E-002,-2.7992342E-002,-1.8755593E-009, 2.5226740E-006, 2.1266802E-009, 4.2345296E-005
 1.3843588E+002, 4.3114168E-002, 4.1921038E-003,-1.3425844E-002, 4.5254243E-004, 0.0000000E+000, 0.0000000E+000,-6.2075009E-002,-9.1495431E-002,-2.7742038E-002,-1.8752693E-009, 2.5224701E-006, 2.1263514E-009, 4.2341888E-005
 1.3862953E+002, 4.3109985E-002, 4.2525852E-003,-1.3241919E-002, 4.5847077E-004, 0.0000000E+000, 0.0000000E+000,-6.2150318E-002,-9.1129260E-002,-2.7571195E-002,-1.8749211E-009, 2.5222260E-006, 2.1259566E-009, 4.2337806E-005
 1.3882318E+002, 4.3105905E-002, 4.3088944E-003,-1.2956359E-002, 4.6575890E-004, 0.0000000E+000, 0.0000000E+000,-6.2224418E-002,-9.0757092E-002,-2.7300219E-002,-1.8745735E-009, 2.5219825E-006, 2.1255625E-009, 4.2333731E-005
 1.3901683E+002, 4.3101614E-002, 4.3664302E-003,-1.2626155E-002, 4.6715844E-004, 0.0000000E+000, 0.0000000E+000,-6.2301084E-002,-9.0372436E-002,-2.6992036E-002,-1.8742282E-009, 2.5217397E-006, 2.1251708E-009, 4.2329665E-005
 1.3914594E+002, 4.3098247E-002, 4.4156824E-003,-1.2349260E-002, 4.6718685E-004, 0.0000000E+000, 0.0000000E+000,-6.2370483E-002,-9.0041068E-002,-2.6738626E-002,-1.8739399E-009, 2.5215378E-006, 2.1248439E-009, 4.2326283E-005
 1.3933958E+002, 4.3094811E-002, 4.4842623E-003,-1.2030530E-002, 4.7390215E-004, 0.0000000E+000, 0.0000000E+000,-6.2441684E-002,-8.9704343E-002,-2.6419238E-002,-1.8736524E-009, 2.5213364E-006, 2.1245180E-009, 4.2322908E-005
 1.3953323E+002, 4.3090629E-002, 4.5450840E-003,-1.1717857E-002, 4.7825354E-004, 0.0000000E+000, 0.0000000E+000,-6.2516473E-002,-8.9286116E-002,-2.6120364E-002,-1.8733087E-009, 2.5210953E-006, 2.1241283E-009, 4.2318865E-005
 1.3972688E+002, 4.3086549E-002, 4.6013125E-003,-1.1363164E-002, 4.8619844E-004, 0.0000000E+000, 0.0000000E+000,-6.2588930E-002,-8.8850984E-002,-2.5778034E-002,-1.8729657E-009, 2.5208549E-006, 2.1237393E-009, 4.2314830E-005
 1.3992053E+002, 4.3082380E-002, 4.6568662E-003,-1.1027466E-002, 4.8815843E-004, 0.0000000E+000, 0.0000000E+000,-6.2662618E-002,-8.8406275E-002,-2.5462679E-002,-1.8726226E-009, 2.5206150E-006, 2.1233503E-009, 4.2310803E-005
 1.4004964E+002, 4.3079015E-002, 4.6976176E-003,-1.0737023E-002, 4.9397806E-004, 0.0000000E+000, 0.0000000E+000,-6.2716851E-002,-8.8026311E-002,-2.5183263E-002,-1.8723369E-009, 2.5204156E-006, 2.1230264E-009, 4.2307452E-005
 1.4024329E+002, 4.3075583E-002, 4.7714604E-003,-1.0541648E-002, 4.9431896E-004, 0.0000000E+000, 0.0000000E+000,-6.2800875E-002,-8.7668730E-002,-2.5001160E-002,-1.8720531E-009, 2.5202166E-006, 2.1227046E-009, 4.2304109E-005
 1.4043694E+002, 4.3071529E-002, 4.8324239E-003,-1.0197364E-002, 4.9979115E-004, 0.0000000E+000, 0.0000000E+000,-6.2875347E-002,-8.7247545E-002,-2.4668966E-002,-1.8717155E-009, 2.5199785E-006, 2.1223218E-009, 4.2300104E-005
 1.4063058E+002, 4.3067442E-002, 4.8884735E-003,-9.9113480E-003, 5.0295602E-004, 0.0000000E+000, 0.0000000E+000,-6.2946152E-002,-8.6847237E-002,-2.4398629E-002,-1.8713803E-009, 2.5197410E-006, 2.1219417E-009, 4.2296108E-005
 1.4082423E+002, 4.3063321E-002, 4.9420745E-003,-9.7529472E-003, 5.0714899E-004, 0.0000000E+000, 0.0000000E+000,-6.3017022E-002,-8.6470410E-002,-2.4257424E-002,-1.8710453E-009, 2.5195041E-006, 2.1215619E-009, 4.2292119E-005
 1.4095332E+002, 4.3060132E-002, 5.0092587E-003,-9.5713025E-003, 5.1651089E-004, 0.0000000E+000, 0.0000000E+000,-6.3089672E-002,-8.6182467E-002,-2.4075073E-002,-1.8707654E-009, 2.5193071E-006, 2.1212445E-009, 4.2288801E-005
 1.4114697E+002, 4.3056612E-002, 5.0493270E-003,-9.4650049E-003, 5.1455111E-004, 0.0000000E+000, 0.0000000E+000,-6.3148716E-002,-8.5891431E-002,-2.3993231E-002,-1.8704854E-009, 2.5191105E-006, 2.1209269E-009, 4.2285488E-005
 1.4134062E+002, 4.3052555E-002, 5.1135572E-003,-9.3183249E-003, 5.2135938E-004, 0.0000000E+000, 0.0000000E+000,-6.3225547E-002,-8.5564827E-002,-2.3856401E-002,-1.8701517E-009, 2.5188753E-006, 2.1205485E-009, 4.2281521E-005
 1.4153427E+002, 4.3048609E-002, 5.1710032E-003,-9.1473311E-003, 5.2639025E-004, 0.0000000E+000, 0.0000000E+000,-6.3295733E-002,-8.5250638E-002,-2.3697061E-002,-1.8698213E-009, 2.5186406E-006, 2.1201740E-009, 4.2277562E-005
 1.4166338E+002, 4.3045236E-002, 5.2054748E-003,-9.0696380E-003, 5.2926808E-004, 0.0000000E+000, 0.0000000E+000,-6.3351663E-002,-8.4996844E-002,-2.3641322E-002,-1.8695472E-009, 2.5184455E-006, 2.1198631E-009, 4.2274269E-005
 1.4185703E+002, 4.3041940E-002, 5.2603509E-003,-9.0105301E-003, 5.2927563E-004, 0.0000000E+000, 0.0000000E+000,-6.3411694E-002,-8.4752014E-002,-2.3590659E-002,-1.8692750E-009, 2.5182509E-006, 2.1195545E-009, 4.2270981E-005
 1.4205067E+002, 4.3037920E-002, 5.3233095E-003,-8.8296236E-003, 5.3458102E-004, 0.0000000E+000, 0.0000000E+000,-6.3488295E-002,-8.4466476E-002,-2.3422108E-002,-1.8689528E-009, 2.5180178E-006, 2.1191891E-009, 4.2267042E-005
 1.4224432E+002, 4.3033887E-002, 5.3912199E-003,-8.7078051E-003, 5.3709860E-004, 0.0000000E+000, 0.0000000E+000,-6.3567442E-002,-8.4181749E-002,-2.3313042E-002,-1.8686332E-009, 2.5177854E-006, 2.1188267E-009, 4.2263112E-005
 1.4243797E+002, 4.3030012E-002, 5.4492026E-003,-8.5560547E-003, 5.4203447E-004, 0.0000000E+000, 0.0000000E+000,-6.3637231E-002,-8.3902511E-002,-2.3172036E-002,-1.8683154E-009, 2.5175535E-006, 2.1184664E-009, 4.2259190E-005
 1.4256706E+002, 4.3026634E-002, 5.4854771E-003,-8.4349610E-003, 5.4985243E-004, 0.0000000E+000, 0.0000000E+000,-6.3685337E-002,-8.3660678E-002,-2.3058335E-002,-1.8680513E-009, 2.5173608E-006, 2.1181669E-009, 4.2255927E-005
 1.4276071E+002, 4.3023344E-002, 5.5374445E-003,-8.2756528E-003, 5.5298588E-004, 0.0000000E+000, 0.0000000E+000,-6.3749685E-002,-8.3456398E-002,-2.2911564E-002,-1.8677880E-009, 2.5171685E-006, 2.1178684E-009, 4.2252669E-005
 1.4295436E+002, 4.3019397E-002, 5.5941381E-003,-8.1478211E-003, 5.5918476E-004, 0.0000000E+000, 0.0000000E+000,-6.3820519E-002,-8.3215360E-002,-2.2795620E-002,-1.8674725E-009, 2.5169382E-006, 2.1175107E-009, 4.2248767E-005
 1.4314801E+002, 4.3015571E-002, 5.6656841E-003,-7.9639959E-003, 5.6122538E-004, 0.0000000E+000, 0.0000000E+000,-6.3902217E-002,-8.2979766E-002,-2.2623732E-002,-1.8671593E-009, 2.5167085E-006, 2.1171555E-009, 4.2244873E-005
 1.4334166E+002, 4.3011556E-002, 5.7242457E-003,-7.8401268E-003, 5.6864814E-004, 0.0000000E+000, 0.0000000E+000,-6.3971212E-002,-8.2751494E-002,-2.2506890E-002,-1.8668463E-009, 2.5164794E-006, 2.1168006E-009, 4.2240986E-005
 1.4347076E+002, 4.3008302E-002, 5.7876983E-003,-7.7533035E-003, 5.7059393E-004, 0.0000000E+000, 0.0000000E+000,-6.4035563E-002,-8.2582247E-002,-2.2422273E-002,-1.8665877E-009, 2.5162890E-006, 2.1165074E-009, 4.2237754E-005
 1.4366441E+002, 4.3005063E-002, 5.8128958E-003,-7.7244564E-003, 5.7556424E-004, 0.0000000E+000, 0.0000000E+000,-6.4080557E-002,-8.2399480E-002,-2.2411490E-002,-1.8663324E-009, 2.5160989E-006, 2.1162179E-009, 4.2234526E-005
 1.4385806E+002, 4.3001128E-002, 5.8662838E-003,-7.5788327E-003, 5.7928718E-004, 0.0000000E+000, 0.0000000E+000,-6.4148779E-002,-8.2198233E-002,-2.2280913E-002,-1.8660317E-009, 2.5158713E-006, 2.1158769E-009, 4.2230659E-005
 1.4405171E+002, 4.2997192E-002, 5.9332770E-003,-7.5300612E-003, 5.8325948E-004, 0.0000000E+000, 0.0000000E+000,-6.4225447E-002,-8.1993231E-002,-2.2241779E-002,-1.8657294E-009, 2.5156443E-006, 2.1155342E-009, 4.2226800E-005
 1.4418082E+002, 4.2994042E-002, 5.9763816E-003,-7.5031399E-003, 5.8577976E-004, 0.0000000E+000, 0.0000000E+000,-6.4284563E-002,-8.1827404E-002,-2.2231500E-002,-1.8654785E-009, 2.5154556E-006, 2.1152497E-009, 4.2223590E-005
 1.4437447E+002, 4.2990803E-002, 6.0328067E-003,-7.4061703E-003, 5.8783924E-004, 0.0000000E+000, 0.0000000E+000,-6.4341617E-002,-8.1657628E-002,-2.2136339E-002,-1.8652283E-009, 2.5152673E-006, 2.1149659E-009, 4.2220386E-005
 1.4456812E+002, 4.2986949E-002, 6.0853419E-003,-7.3713434E-003, 5.9714686E-004, 0.0000000E+000, 0.0000000E+000,-6.4405971E-002,-8.1447508E-002,-2.2107876E-002,-1.8649282E-009, 2.5150419E-006, 2.1146257E-009, 4.2216547E-005
 1.4476176E+002, 4.2983108E-002, 6.1373212E-003,-7.2953672E-003, 5.9767439E-004, 0.0000000E+000, 0.0000000E+000,-6.4471477E-002,-8.1236288E-002,-2.2048741E-002,-1.8646293E-009, 2.5148170E-006, 2.1142867E-009, 4.2212715E-005
 1.4495541E+002, 4.2979226E-002, 6.1982251E-003,-7.2634937E-003, 6.0499526E-004, 0.0000000E+000, 0.0000000E+000,-6.4543182E-002,-8.1014317E-002,-2.2024230E-002,-1.8643320E-009, 2.5145926E-006, 2.1139497E-009, 4.2208891E-005
 1.4508450E+002, 4.2976071E-002, 6.2454020E-003,-7.1921694E-003, 6.0592943E-004, 0.0000000E+000, 0.0000000E+000,-6.4597807E-002,-8.0808781E-002,-2.1962574E-002,-1.8640874E-009, 2.5144061E-006, 2.1136723E-009, 4.2205709E-005
 1.4527815E+002, 4.2972871E-002, 6.3021675E-003,-7.1218384E-003, 6.1329397E-004, 0.0000000E+000, 0.0000000E+000,-6.4661656E-002,-8.0608006E-002,-2.1895163E-002,-1.8638435E-009, 2.5142200E-006, 2.1133958E-009, 4.2202534E-005
 1.4547180E+002, 4.2968983E-002, 6.3549327E-003,-7.0202459E-003, 6.1449135E-004, 0.0000000E+000, 0.0000000E+000,-6.4724549E-002,-8.0352102E-002,-2.1806387E-002,-1.8635517E-009, 2.5139972E-006, 2.1130649E-009, 4.2198729E-005
 1.4566545E+002, 4.2965251E-002, 6.4053926E-003,-6.9252195E-003, 6.1734528E-004, 0.0000000E+000, 0.0000000E+000,-6.4787335E-002,-8.0089202E-002,-2.1724565E-002,-1.8632620E-009, 2.5137749E-006, 2.1127364E-009, 4.2194932E-005
 1.4585910E+002, 4.2961410E-002, 6.4601869E-003,-6.7713463E-003, 6.2476351E-004, 0.0000000E+000, 0.0000000E+000,-6.4853611E-002,-7.9814905E-002,-2.1578597E-002,-1.8629717E-009, 2.5135532E-006, 2.1124072E-009, 4.2191142E-005
 1.4598820E+002, 4.2958306E-002, 6.5377395E-003,-6.6432329E-003, 6.2574995E-004, 0.0000000E+000, 0.0000000E+000,-6.4929448E-002,-7.9575026E-002,-2.1450885E-002,-1.8627308E-009, 2.5133688E-006, 2.1121341E-009, 4.2187989E-005
 1.4618185E+002, 4.2955126E-002, 6.5668276E-003,-6.4635439E-003, 6.3215618E-004, 0.0000000E+000, 0.0000000E+000,-6.4973259E-002,-7.9314578E-002,-2.1282693E-002,-1.8624916E-009, 2.5131849E-006, 2.1118629E-009, 4.2184841E-005
 1.4637550E+002, 4.2951344E-002, 6.6208727E-003,-6.2248514E-003, 6.3505510E-004, 0.0000000E+000, 0.0000000E+000,-6.5035449E-002,-7.8997724E-002,-2.1053028E-002,-1.8622077E-009, 2.5129646E-006, 2.1115409E-009, 4.2181070E-005
 1.4656915E+002, 4.2947581E-002, 6.6710549E-003,-5.9541875E-003, 6.4251841E-004, 0.0000000E+000, 0.0000000E+000,-6.5096584E-002,-7.8671029E-002,-2.0789617E-002,-1.8619238E-009, 2.5127449E-006, 2.1112191E-009, 4.2177306E-005
 1.4676280E+002, 4.2943823E-002, 6.7223107E-003,-5.6937212E-003, 6.4516435E-004, 0.0000000E+000, 0.0000000E+000,-6.5160190E-002,-7.8340491E-002,-2.0542614E-002,-1.8616389E-009, 2.5125257E-006, 2.1108960E-009, 4.2173549E-005
 1.4689191E+002, 4.2940597E-002, 6.7664274E-003,-5.4230719E-003, 6.5059440E-004, 0.0000000E+000, 0.0000000E+000,-6.5218212E-002,-7.8056423E-002,-2.0283665E-002,-1.8614000E-009, 2.5123434E-006, 2.1106251E-009, 4.2170423E-005
 1.4708556E+002, 4.2937624E-002, 6.8275647E-003,-5.2110104E-003, 6.5617170E-004, 0.0000000E+000, 0.0000000E+000,-6.5277874E-002,-7.7768386E-002,-2.0067524E-002,-1.8611624E-009, 2.5121615E-006, 2.1103557E-009, 4.2167303E-005
 1.4727921E+002, 4.2933879E-002, 6.8818578E-003,-4.9526895E-003, 6.5774631E-004, 0.0000000E+000, 0.0000000E+000,-6.5340261E-002,-7.7426006E-002,-1.9819467E-002,-1.8608838E-009, 2.5119438E-006, 2.1100398E-009, 4.2163565E-005
 1.4747285E+002, 4.2930084E-002, 6.9319828E-003,-4.6570985E-003, 6.6387962E-004, 0.0000000E+000, 0.0000000E+000,-6.5400624E-002,-7.7085127E-002,-1.9531777E-002,-1.8606117E-009, 2.5117266E-006, 2.1097313E-009, 4.2159834E-005
 1.4760194E+002, 4.2927177E-002, 6.9641832E-003,-4.4305841E-003, 6.6839652E-004, 0.0000000E+000, 0.0000000E+000,-6.5443175E-002,-7.6798603E-002,-1.9314002E-002,-1.8603856E-009, 2.5115460E-006, 2.1094749E-009, 4.2156730E-005
 1.4779559E+002, 4.2923941E-002, 7.0171728E-003,-4.2016680E-003, 6.7260265E-004, 0.0000000E+000, 0.0000000E+000,-6.5504656E-002,-7.6532484E-002,-1.9092608E-002,-1.8601557E-009, 2.5113657E-006, 2.1092142E-009, 4.2153630E-005
 1.4798924E+002, 4.2920255E-002, 7.0839609E-003,-3.9701498E-003, 6.7560478E-004, 0.0000000E+000, 0.0000000E+000,-6.5578971E-002,-7.6203603E-002,-1.8869299E-002,-1.8598778E-009, 2.5111499E-006, 2.1088990E-009, 4.2149918E-005
 1.4818289E+002, 4.2916591E-002, 7.1385188E-003,-3.7797880E-003, 6.8113137E-004, 0.0000000E+000, 0.0000000E+000,-6.5641577E-002,-7.5878366E-002,-1.8685124E-002,-1.8596018E-009, 2.5109347E-006, 2.1085861E-009, 4.2146212E-005
 1.4837654E+002, 4.2912914E-002, 7.1886329E-003,-3.5069393E-003, 6.8304020E-004, 0.0000000E+000, 0.0000000E+000,-6.5701033E-002,-7.5552117E-002,-1.8423385E-002,-1.8593429E-009, 2.5107199E-006, 2.1082926E-009, 4.2142514E-005
 1.4850565E+002, 4.2909859E-002, 7.2458334E-003,-3.3562609E-003, 6.8679372E-004, 0.0000000E+000, 0.0000000E+000,-6.5759588E-002,-7.5289903E-002,-1.8273364E-002,-1.8591346E-009, 2.5105414E-006, 2.1080564E-009, 4.2139437E-005
 1.4869930E+002, 4.2906835E-002, 7.2702440E-003,-3.1977818E-003, 6.9200644E-004, 0.0000000E+000, 0.0000000E+000,-6.5802600E-002,-7.5008507E-002,-1.8131297E-002,-1.8589159E-009, 2.5103632E-006, 2.1078084E-009, 4.2136364E-005
 1.4889294E+002, 4.2903129E-002, 7.3323760E-003,-2.9894450E-003, 6.9624086E-004, 0.0000000E+000, 0.0000000E+000,-6.5872623E-002,-7.4673733E-002,-1.7930322E-002,-1.8586453E-009, 2.5101498E-006, 2.1075016E-009, 4.2132683E-005
 1.4908659E+002, 4.2899522E-002, 7.3898249E-003,-2.8384039E-003, 6.9908195E-004, 0.0000000E+000, 0.0000000E+000,-6.5938010E-002,-7.4330359E-002,-1.7787985E-002,-1.8583706E-009, 2.5099370E-006, 2.1071901E-009, 4.2129010E-005
 1.4928024E+002, 4.2895863E-002, 7.4410815E-003,-2.6060931E-003, 7.0405368E-004, 0.0000000E+000, 0.0000000E+000,-6.5997838E-002,-7.3981788E-002,-1.7562933E-002,-1.8580949E-009, 2.5097247E-006, 2.1068775E-009, 4.2125344E-005
 1.4940935E+002, 4.2892904E-002, 7.4718259E-003,-2.4561519E-003, 7.0818001E-004, 0.0000000E+000, 0.0000000E+000,-6.6045296E-002,-7.3692572E-002,-1.7428537E-002,-1.8578644E-009, 2.5095482E-006, 2.1066162E-009, 4.2122293E-005
 1.4960300E+002, 4.2889816E-002, 7.5205163E-003,-2.2986193E-003, 7.1332310E-004, 0.0000000E+000, 0.0000000E+000,-6.6096795E-002,-7.3400505E-002,-1.7271759E-002,-1.8576334E-009, 2.5093720E-006, 2.1063542E-009, 4.2119247E-005
 1.4979665E+002, 4.2886133E-002, 7.5765295E-003,-2.0705389E-003, 7.1367641E-004, 0.0000000E+000, 0.0000000E+000,-6.6162564E-002,-7.3051840E-002,-1.7056764E-002,-1.8573553E-009, 2.5091611E-006, 2.1060389E-009, 4.2115598E-005
 1.4999028E+002, 4.2882593E-002, 7.6370150E-003,-1.8703766E-003, 7.1909792E-004, 0.0000000E+000, 0.0000000E+000,-6.6231066E-002,-7.2702628E-002,-1.6862737E-002,-1.8570753E-009, 2.5089507E-006, 2.1057214E-009, 4.2111956E-005
 1.5018393E+002, 4.2878996E-002, 7.6884833E-003,-1.6833979E-003, 7.2049681E-004, 0.0000000E+000, 0.0000000E+000,-6.6291041E-002,-7.2358230E-002,-1.6686463E-002,-1.8567965E-009, 2.5087408E-006, 2.1054053E-009, 4.2108321E-005
 1.5031303E+002, 4.2876068E-002, 7.7203831E-003,-1.4721029E-003, 7.2934475E-004, 0.0000000E+000, 0.0000000E+000,-6.6332007E-002,-7.2067844E-002,-1.6478314E-002,-1.8565644E-009, 2.5085663E-006, 2.1051421E-009, 4.2105297E-005
 1.5050668E+002, 4.2872994E-002, 7.7664217E-003,-1.2964848E-003, 7.3295210E-004, 0.0000000E+000, 0.0000000E+000,-6.6387906E-002,-7.1805450E-002,-1.6312023E-002,-1.8563314E-009, 2.5083921E-006, 2.1048779E-009, 4.2102278E-005
 1.5070033E+002, 4.2869442E-002, 7.8164579E-003,-1.0720269E-003, 7.3780027E-004, 0.0000000E+000, 0.0000000E+000,-6.6449363E-002,-7.1489690E-002,-1.6097689E-002,-1.8560530E-009, 2.5081836E-006, 2.1045622E-009, 4.2098660E-005
 1.5089398E+002, 4.2865905E-002, 7.8799234E-003,-8.3315813E-004, 7.4677399E-004, 0.0000000E+000, 0.0000000E+000,-6.6520932E-002,-7.1180594E-002,-1.5861487E-002,-1.8557774E-009, 2.5079755E-006, 2.1042497E-009, 4.2095049E-005
 1.5102309E+002, 4.2862865E-002, 7.9395996E-003,-5.9559835E-004, 7.5202042E-004, 0.0000000E+000, 0.0000000E+000,-6.6580419E-002,-7.0938948E-002,-1.5621532E-002,-1.8555492E-009, 2.5078026E-006, 2.1039910E-009, 4.2092046E-005
 1.5121674E+002, 4.2860062E-002, 7.9637680E-003,-4.7118778E-004, 7.5441499E-004, 0.0000000E+000, 0.0000000E+000,-6.6619087E-002,-7.0691639E-002,-1.5512030E-002,-1.8553222E-009, 2.5076300E-006, 2.1037336E-009, 4.2089047E-005
 1.5141039E+002, 4.2856353E-002, 8.0095154E-003,-2.7875572E-004, 7.6300589E-004, 0.0000000E+000, 0.0000000E+000,-6.6675782E-002,-7.0414841E-002,-1.5325664E-002,-1.8550491E-009, 2.5074233E-006, 2.1034239E-009, 4.2085454E-005
 1.5160403E+002, 4.2852941E-002, 8.0562854E-003,-8.9053451E-005, 7.6732246E-004, 0.0000000E+000, 0.0000000E+000,-6.6734843E-002,-7.0146415E-002,-1.5147348E-002,-1.8547746E-009, 2.5072171E-006, 2.1031126E-009, 4.2081867E-005
 1.5179768E+002, 4.2849413E-002, 8.1153352E-003, 4.7977223E-005, 7.7065401E-004, 0.0000000E+000, 0.0000000E+000,-6.6801663E-002,-6.9889497E-002,-1.5018283E-002,-1.8545019E-009, 2.5070114E-006, 2.1028034E-009, 4.2078287E-005
 1.5192677E+002, 4.2846442E-002, 8.1533333E-003, 1.8081240E-004, 7.7228129E-004, 0.0000000E+000, 0.0000000E+000,-6.6852776E-002,-6.9682053E-002,-1.4899907E-002,-1.8542820E-009, 2.5068404E-006, 2.1025541E-009, 4.2075309E-005
 1.5212042E+002, 4.2843504E-002, 8.2029007E-003, 2.7976294E-004, 7.7673917E-004, 0.0000000E+000, 0.0000000E+000,-6.6902412E-002,-6.9483868E-002,-1.4799505E-002,-1.8540653E-009, 2.5066698E-006, 2.1023083E-009, 4.2072336E-005
 1.5231407E+002, 4.2840018E-002, 8.2488304E-003, 3.7006371E-004, 7.8363582E-004, 0.0000000E+000, 0.0000000E+000,-6.6958629E-002,-6.9255453E-002,-1.4716081E-002,-1.8538003E-009, 2.5064654E-006, 2.1020078E-009, 4.2068773E-005
 1.5250772E+002, 4.2836543E-002, 8.2941759E-003, 4.1348691E-004, 7.8620362E-004, 0.0000000E+000, 0.0000000E+000,-6.7015738E-002,-6.9040745E-002,-1.4685329E-002,-1.8535399E-009, 2.5062616E-006, 2.1017126E-009, 4.2065217E-005
 1.5270137E+002, 4.2833111E-002, 8.3475983E-003, 4.8636973E-004, 7.9298629E-004, 0.0000000E+000, 0.0000000E+000,-6.7078581E-002,-6.8831290E-002,-1.4618516E-002,-1.8532812E-009, 2.5060582E-006, 2.1014193E-009, 4.2061667E-005
 1.5283047E+002, 4.2830074E-002, 8.3889202E-003, 5.7977963E-004, 7.9742189E-004, 0.0000000E+000, 0.0000000E+000,-6.7126245E-002,-6.8655689E-002,-1.4530050E-002,-1.8530658E-009, 2.5058890E-006, 2.1011750E-009, 4.2058714E-005
 1.5302412E+002, 4.2827281E-002, 8.4390653E-003, 5.8310754E-004, 7.9869824E-004, 0.0000000E+000, 0.0000000E+000,-6.7182438E-002,-6.8505837E-002,-1.4534285E-002,-1.8528508E-009, 2.5057203E-006, 2.1009312E-009, 4.2055766E-005
 1.5321777E+002, 4.2823749E-002, 8.4852851E-003, 5.8582593E-004, 8.0176078E-004, 0.0000000E+000, 0.0000000E+000,-6.7237462E-002,-6.8329567E-002,-1.4540841E-002,-1.8525895E-009, 2.5055183E-006, 2.1006350E-009, 4.2052234E-005
 1.5341142E+002, 4.2820407E-002, 8.5293339E-003, 5.7546261E-004, 8.0825098E-004, 0.0000000E+000, 0.0000000E+000,-6.7292187E-002,-6.8173191E-002,-1.4558733E-002,-1.8523285E-009, 2.5053167E-006, 2.1003390E-009, 4.2048707E-005
 1.5354053E+002, 4.2817446E-002, 8.5849368E-003, 6.1108209E-004, 8.1057354E-004, 0.0000000E+000, 0.0000000E+000,-6.7349752E-002,-6.8061145E-002,-1.4525714E-002,-1.8521154E-009, 2.5051491E-006, 2.1000974E-009, 4.2045774E-005
 1.5373418E+002, 4.2814622E-002, 8.6181975E-003, 5.2079383E-004, 8.1510678E-004, 0.0000000E+000, 0.0000000E+000,-6.7395790E-002,-6.7947638E-002,-1.4627070E-002,-1.8519048E-009, 2.5049818E-006, 2.0998586E-009, 4.2042844E-005
 1.5392783E+002, 4.2811183E-002, 8.6716671E-003, 5.1127295E-004, 8.2135720E-004, 0.0000000E+000, 0.0000000E+000,-6.7456181E-002,-6.7830563E-002,-1.4640701E-002,-1.8516508E-009, 2.5047815E-006, 2.0995706E-009, 4.2039335E-005
 1.5412148E+002, 4.2807732E-002, 8.7194297E-003, 5.3704092E-004, 8.2312871E-004, 0.0000000E+000, 0.0000000E+000,-6.7511181E-002,-6.7727844E-002,-1.4623850E-002,-1.8513950E-009, 2.5045817E-006, 2.0992805E-009, 4.2035833E-005
 1.5431512E+002, 4.2804405E-002, 8.7636597E-003, 5.0578745E-004, 8.3053754E-004, 0.0000000E+000, 0.0000000E+000,-6.7565034E-002,-6.7638089E-002,-1.4660644E-002,-1.8511395E-009, 2.5043824E-006, 2.0989908E-009, 4.2032336E-005
 1.5444421E+002, 4.2801483E-002, 8.7928107E-003, 5.0129981E-004, 8.3129755E-004, 0.0000000E+000, 0.0000000E+000,-6.7610130E-002,-6.7572650E-002,-1.4683239E-002,-1.8509284E-009, 2.5042166E-006, 2.0987515E-009, 4.2029427E-005
 1.5463786E+002, 4.2798642E-002, 8.8459483E-003, 4.4496897E-004, 8.3681707E-004, 0.0000000E+000, 0.0000000E+000,-6.7662125E-002,-6.7509860E-002,-1.4735748E-002,-1.8507219E-009, 2.5040512E-006, 2.0985173E-009, 4.2026522E-005
 1.5483151E+002, 4.2795279E-002, 8.9028368E-003, 5.0516403E-004, 8.4057369E-004, 0.0000000E+000, 0.0000000E+000,-6.7724826E-002,-6.7437344E-002,-1.4680973E-002,-1.8504708E-009, 2.5038531E-006, 2.0982326E-009, 4.2023042E-005
 1.5502516E+002, 4.2791836E-002, 8.9513972E-003, 3.9303303E-004, 8.4451503E-004, 0.0000000E+000, 0.0000000E+000,-6.7779773E-002,-6.7367903E-002,-1.4798992E-002,-1.8502220E-009, 2.5036556E-006, 2.0979505E-009, 4.2019568E-005
 1.5521881E+002, 4.2788537E-002, 8.9962079E-003, 3.9318970E-004, 8.5035917E-004, 0.0000000E+000, 0.0000000E+000,-6.7832729E-002,-6.7301673E-002,-1.4804435E-002,-1.8499730E-009, 2.5034584E-006, 2.0976681E-009, 4.2016101E-005
 1.5534792E+002, 4.2785772E-002, 9.0248827E-003, 3.4218421E-004, 8.5531596E-004, 0.0000000E+000, 0.0000000E+000,-6.7869671E-002,-6.7243716E-002,-1.4861516E-002,-1.8497691E-009, 2.5032945E-006, 2.0974369E-009, 4.2013215E-005
 1.5554156E+002, 4.2782885E-002, 9.0725155E-003, 2.8844181E-004, 8.5916285E-004, 0.0000000E+000, 0.0000000E+000,-6.7923909E-002,-6.7203665E-002,-1.4920904E-002,-1.8495656E-009, 2.5031309E-006, 2.0972062E-009, 4.2010335E-005
 1.5573521E+002, 4.2779547E-002, 9.1327465E-003, 2.4137070E-004, 8.6326038E-004, 0.0000000E+000, 0.0000000E+000,-6.7989025E-002,-6.7146221E-002,-1.4972101E-002,-1.8493183E-009, 2.5029350E-006, 2.0969258E-009, 4.2006883E-005
 1.5592886E+002, 4.2776233E-002, 9.1820867E-003, 1.4503708E-004, 8.6972016E-004, 0.0000000E+000, 0.0000000E+000,-6.8043637E-002,-6.7095637E-002,-1.5070559E-002,-1.8490711E-009, 2.5027396E-006, 2.0966454E-009, 4.2003438E-005
 1.5612251E+002, 4.2772839E-002, 9.2274840E-003, 1.0549452E-004, 8.7142091E-004, 0.0000000E+000, 0.0000000E+000,-6.8095145E-002,-6.7050689E-002,-1.5117907E-002,-1.8488239E-009, 2.5025446E-006, 2.0963652E-009, 4.1999999E-005
 1.5625162E+002, 4.2770113E-002, 9.2791841E-003, 4.1940280E-006, 8.7698035E-004, 0.0000000E+000, 0.0000000E+000,-6.8145907E-002,-6.7021471E-002,-1.5215435E-002,-1.8486209E-009, 2.5023825E-006, 2.0961350E-009, 4.1997138E-005
 1.5644527E+002, 4.2767346E-002, 9.3014711E-003,-3.6909509E-005, 8.8219541E-004, 0.0000000E+000, 0.0000000E+000,-6.8181980E-002,-6.6975998E-002,-1.5267877E-002,-1.8484218E-009, 2.5022207E-006, 2.0959092E-009, 4.1994280E-005
 1.5663892E+002, 4.2763974E-002, 9.3580052E-003,-1.4017466E-004, 8.8805973E-004, 0.0000000E+000, 0.0000000E+000,-6.8242124E-002,-6.6925005E-002,-1.5372260E-002,-1.8481885E-009, 2.5020269E-006, 2.0956447E-009, 4.1990856E-005
 1.5683257E+002, 4.2760681E-002, 9.4105023E-003,-2.1508375E-004, 8.9134274E-004, 0.0000000E+000, 0.0000000E+000,-6.8298415E-002,-6.6864820E-002,-1.5450972E-002,-1.8479554E-009, 2.5018336E-006, 2.0953804E-009, 4.1987439E-005
 1.5696165E+002, 4.2757970E-002, 9.4422303E-003,-3.0153819E-004, 8.9644511E-004, 0.0000000E+000, 0.0000000E+000,-6.8339855E-002,-6.6807436E-002,-1.5544747E-002,-1.8477597E-009, 2.5016728E-006, 2.0951585E-009, 4.1984596E-005
 1.5715530E+002, 4.2755157E-002, 9.4865979E-003,-3.3125442E-004, 9.0240744E-004, 0.0000000E+000, 0.0000000E+000,-6.8383259E-002,-6.6745157E-002,-1.5570351E-002,-1.8475600E-009, 2.5015124E-006, 2.0949321E-009, 4.1981757E-005
 1.5734895E+002, 4.2751878E-002, 9.5304289E-003,-3.7035428E-004, 9.0573571E-004, 0.0000000E+000, 0.0000000E+000,-6.8434915E-002,-6.6669061E-002,-1.5617227E-002,-1.8473119E-009, 2.5013203E-006, 2.0946507E-009, 4.1978355E-005
 1.5754260E+002, 4.2748641E-002, 9.5819152E-003,-4.1566820E-004, 9.1218709E-004, 0.0000000E+000, 0.0000000E+000,-6.8491917E-002,-6.6581543E-002,-1.5664841E-002,-1.8470637E-009, 2.5011286E-006, 2.0943693E-009, 4.1974958E-005
 1.5773625E+002, 4.2745328E-002, 9.6376252E-003,-4.6770376E-004, 9.1508880E-004, 0.0000000E+000, 0.0000000E+000,-6.8551547E-002,-6.6485629E-002,-1.5721209E-002,-1.8468251E-009, 2.5009374E-006, 2.0940988E-009, 4.1971568E-005
 1.5786536E+002, 4.2742618E-002, 9.6705530E-003,-4.4207489E-004, 9.1772185E-004, 0.0000000E+000, 0.0000000E+000,-6.8588700E-002,-6.6396110E-002,-1.5699882E-002,-1.8466284E-009, 2.5007783E-006, 2.0938757E-009, 4.1968748E-005
 1.5805901E+002, 4.2739858E-002, 9.7148856E-003,-4.8299526E-004, 9.2588720E-004, 0.0000000E+000, 0.0000000E+000,-6.8637488E-002,-6.6312220E-002,-1.5739853E-002,-1.8464343E-009, 2.5006197E-006, 2.0936557E-009, 4.1965932E-005
 1.5825266E+002, 4.2736665E-002, 9.7575843E-003,-4.9886610E-004, 9.2824237E-004, 0.0000000E+000, 0.0000000E+000,-6.8687912E-002,-6.6204337E-002,-1.5764287E-002,-1.8462146E-009, 2.5004296E-006, 2.0934065E-009, 4.1962557E-005
 1.5844630E+002, 4.2733380E-002, 9.8040199E-003,-4.6174745E-004, 9.3467456E-004, 0.0000000E+000, 0.0000000E+000,-6.8741702E-002,-6.6087043E-002,-1.5731375E-002,-1.8459962E-009, 2.5002400E-006, 2.0931589E-009, 4.1959188E-005
 1.5863995E+002, 4.2730191E-002, 9.8627660E-003,-5.0021396E-004, 9.4057600E-004, 0.0000000E+000, 0.0000000E+000,-6.8804618E-002,-6.5959748E-002,-1.5771299E-002,-1.8457784E-009, 2.5000509E-006, 2.0929119E-009, 4.1955826E-005
 1.5876904E+002, 4.2727345E-002, 9.9179629E-003,-4.1707769E-004, 9.4232038E-004, 0.0000000E+000, 0.0000000E+000,-6.8857352E-002,-6.5855892E-002,-1.5686800E-002,-1.8456060E-009, 2.4998936E-006, 2.0927164E-009, 4.1953028E-005
 1.5896269E+002, 4.2724725E-002, 9.9408850E-003,-4.2915579E-004, 9.4310900E-004, 0.0000000E+000, 0.0000000E+000,-6.8891112E-002,-6.5732910E-002,-1.5711548E-002,-1.8454435E-009, 2.4997366E-006, 2.0925322E-009, 4.1950235E-005
 1.5915634E+002, 4.2721639E-002, 9.9836193E-003,-3.4624161E-004, 9.4882048E-004, 0.0000000E+000, 0.0000000E+000,-6.8941389E-002,-6.5586353E-002,-1.5633552E-002,-1.8452449E-009, 2.4995487E-006, 2.0923070E-009, 4.1946888E-005
 1.5934999E+002, 4.2718290E-002, 1.0027286E-002,-2.6732295E-004, 9.5625358E-004, 0.0000000E+000, 0.0000000E+000,-6.8993462E-002,-6.5429646E-002,-1.5558955E-002,-1.8450345E-009, 2.4993611E-006, 2.0920684E-009, 4.1943546E-005
 1.5954364E+002, 4.2715179E-002, 1.0082156E-002,-1.8425969E-004, 9.6149101E-004, 0.0000000E+000, 0.0000000E+000,-6.9052832E-002,-6.5259834E-002,-1.5478266E-002,-1.8448178E-009, 2.4991740E-006, 2.0918226E-009, 4.1940211E-005
 1.5967274E+002, 4.2712498E-002, 1.0117659E-002,-9.0383521E-005, 9.6782728E-004, 0.0000000E+000, 0.0000000E+000,-6.9098235E-002,-6.5107930E-002,-1.5390634E-002,-1.8446369E-009, 2.4990185E-006, 2.0916176E-009, 4.1937435E-005
 1.5986639E+002, 4.2709816E-002, 1.0163735E-002,-5.3261897E-005, 9.6629796E-004, 0.0000000E+000, 0.0000000E+000,-6.9141762E-002,-6.4947870E-002,-1.5355176E-002,-1.8444536E-009, 2.4988633E-006, 2.0914097E-009, 4.1934665E-005
 1.6006004E+002, 4.2706646E-002, 1.0206679E-002, 4.7101803E-005, 9.7661068E-004, 0.0000000E+000, 0.0000000E+000,-6.9190634E-002,-6.4744425E-002,-1.5253596E-002,-1.8442302E-009, 2.4986774E-006, 2.0911565E-009, 4.1931345E-005
 1.6025369E+002, 4.2703413E-002, 1.0249039E-002, 1.8077653E-004, 9.8196375E-004, 0.0000000E+000, 0.0000000E+000,-6.9240434E-002,-6.4535422E-002,-1.5125242E-002,-1.8440038E-009, 2.4984919E-006, 2.0908997E-009, 4.1928031E-005
 1.6038280E+002, 4.2700729E-002, 1.0280042E-002, 2.7646096E-004, 9.8555245E-004, 0.0000000E+000, 0.0000000E+000,-6.9276334E-002,-6.4349046E-002,-1.5033549E-002,-1.8438126E-009, 2.4983376E-006, 2.0906829E-009, 4.1925273E-005
 1.6057645E+002, 4.2698220E-002, 1.0336821E-002, 4.0964291E-004, 9.8922774E-004, 0.0000000E+000, 0.0000000E+000,-6.9335492E-002,-6.4167504E-002,-1.4901580E-002,-1.8436185E-009, 2.4981837E-006, 2.0904629E-009, 4.1922519E-005
 1.6077010E+002, 4.2695020E-002, 1.0383658E-002, 5.2604244E-004, 9.9513184E-004, 0.0000000E+000, 0.0000000E+000,-6.9385918E-002,-6.3933788E-002,-1.4786066E-002,-1.8433884E-009, 2.4979994E-006, 2.0902019E-009, 4.1919220E-005
 1.6096375E+002, 4.2691883E-002, 1.0426707E-002, 6.5609528E-004, 9.9913982E-004, 0.0000000E+000, 0.0000000E+000,-6.9433784E-002,-6.3696230E-002,-1.4659958E-002,-1.8431606E-009, 2.4978155E-006, 2.0899436E-009, 4.1915927E-005
 1.6115739E+002, 4.2688693E-002, 1.0467710E-002, 8.4349858E-004, 1.0027844E-003, 0.0000000E+000, 0.0000000E+000,-6.9481351E-002,-6.3455476E-002,-1.4478664E-002,-1.8429326E-009, 2.4976320E-006, 2.0896850E-009, 4.1912639E-005
 1.6128648E+002, 4.2686072E-002, 1.0519041E-002, 9.3851619E-004, 1.0031503E-003, 0.0000000E+000, 0.0000000E+000,-6.9531575E-002,-6.3259275E-002,-1.4384795E-002,-1.8427430E-009, 2.4974794E-006, 2.0894701E-009, 4.1909903E-005
 1.6148013E+002, 4.2683581E-002, 1.0549957E-002, 1.0956645E-003, 1.0105448E-003, 0.0000000E+000, 0.0000000E+000,-6.9571586E-002,-6.3043099E-002,-1.4231839E-002,-1.8425541E-009, 2.4973271E-006, 2.0892559E-009, 4.1907170E-005
 1.6167378E+002, 4.2680357E-002, 1.0599302E-002, 1.2614893E-003, 1.0141791E-003, 0.0000000E+000, 0.0000000E+000,-6.9624032E-002,-6.2786864E-002,-1.4068705E-002,-1.8423272E-009, 2.4971447E-006, 2.0889987E-009, 4.1903897E-005
 1.6186743E+002, 4.2677219E-002, 1.0643364E-002, 1.4197740E-003, 1.0199171E-003, 0.0000000E+000, 0.0000000E+000,-6.9671450E-002,-6.2529962E-002,-1.3911176E-002,-1.8420986E-009, 2.4969628E-006, 2.0887394E-009, 4.1900630E-005
 1.6206108E+002, 4.2674148E-002, 1.0684193E-002, 1.5385494E-003, 1.0226649E-003, 0.0000000E+000, 0.0000000E+000,-6.9717850E-002,-6.2273823E-002,-1.3798294E-002,-1.8418713E-009, 2.4967813E-006, 2.0884817E-009, 4.1897368E-005
 1.6219019E+002, 4.2671614E-002, 1.0711109E-002, 1.6661733E-003, 1.0284378E-003, 0.0000000E+000, 0.0000000E+000,-6.9756640E-002,-6.2058329E-002,-1.3679306E-002,-1.8416799E-009, 2.4966303E-006, 2.0882646E-009, 4.1894653E-005
 1.6238383E+002, 4.2668999E-002, 1.0759774E-002, 1.8804743E-003, 1.0318231E-003, 0.0000000E+000, 0.0000000E+000,-6.9801877E-002,-6.1841208E-002,-1.3460806E-002,-1.8414902E-009, 2.4964796E-006, 2.0880496E-009, 4.1891942E-005
 1.6257748E+002, 4.2665902E-002, 1.0811809E-002, 2.0468492E-003, 1.0348120E-003, 0.0000000E+000, 0.0000000E+000,-6.9856555E-002,-6.1575819E-002,-1.3297183E-002,-1.8412618E-009, 2.4962991E-006, 2.0877906E-009, 4.1888694E-005
 1.6277113E+002, 4.2662850E-002, 1.0856152E-002, 2.2397820E-003, 1.0399524E-003, 0.0000000E+000, 0.0000000E+000,-6.9904053E-002,-6.1311176E-002,-1.3105317E-002,-1.8410335E-009, 2.4961191E-006, 2.0875317E-009, 4.1885452E-005
 1.6290024E+002, 4.2660176E-002, 1.0883702E-002, 2.3687292E-003, 1.0431702E-003, 0.0000000E+000, 0.0000000E+000,-6.9935765E-002,-6.1083835E-002,-1.2979987E-002,-1.8408434E-009, 2.4959694E-006, 2.0873161E-009, 4.1882754E-005
 1.6309389E+002, 4.2657672E-002, 1.0923319E-002, 2.5472251E-003, 1.0497235E-003, 0.0000000E+000, 0.0000000E+000,-6.9980220E-002,-6.0874366E-002,-1.2802280E-002,-1.8406519E-009, 2.4958200E-006, 2.0870990E-009, 4.1880060E-005
 1.6328754E+002, 4.2654596E-002, 1.0966401E-002, 2.6731818E-003, 1.0494650E-003, 0.0000000E+000, 0.0000000E+000,-7.0028899E-002,-6.0618945E-002,-1.2685254E-002,-1.8404208E-009, 2.4956410E-006, 2.0868369E-009, 4.1876831E-005
 1.6348119E+002, 4.2651604E-002, 1.1021051E-002, 2.7991668E-003, 1.0592647E-003, 0.0000000E+000, 0.0000000E+000,-7.0086409E-002,-6.0362277E-002,-1.2555321E-002,-1.8401910E-009, 2.4954625E-006, 2.0865765E-009, 4.1873608E-005
 1.6367484E+002, 4.2648570E-002, 1.1065673E-002, 2.9810827E-003, 1.0623939E-003, 0.0000000E+000, 0.0000000E+000,-7.0134443E-002,-6.0111447E-002,-1.2376723E-002,-1.8399651E-009, 2.4952843E-006, 2.0863203E-009, 4.1870391E-005
 1.6380392E+002, 4.2646025E-002, 1.1113924E-002, 3.1284688E-003, 1.0690946E-003, 0.0000000E+000, 0.0000000E+000,-7.0179905E-002,-5.9911745E-002,-1.2222392E-002,-1.8397802E-009, 2.4951362E-006, 2.0861106E-009, 4.1867715E-005
 1.6399757E+002, 4.2643392E-002, 1.1132848E-002, 3.2122176E-003, 1.0718776E-003, 0.0000000E+000, 0.0000000E+000,-7.0210080E-002,-5.9708208E-002,-1.2149746E-002,-1.8395972E-009, 2.4949884E-006, 2.0859031E-009, 4.1865041E-005
 1.6419122E+002, 4.2640407E-002, 1.1173155E-002, 3.2968709E-003, 1.0794279E-003, 0.0000000E+000, 0.0000000E+000,-7.0257212E-002,-5.9475936E-002,-1.2067351E-002,-1.8393792E-009, 2.4948113E-006, 2.0856559E-009, 4.1861837E-005
 1.6438487E+002, 4.2637428E-002, 1.1224004E-002, 3.4116274E-003, 1.0806382E-003, 0.0000000E+000, 0.0000000E+000,-7.0310949E-002,-5.9246571E-002,-1.1957251E-002,-1.8391642E-009, 2.4946346E-006, 2.0854121E-009, 4.1858639E-005
 1.6457852E+002, 4.2634415E-002, 1.1271114E-002, 3.5318409E-003, 1.0887135E-003, 0.0000000E+000, 0.0000000E+000,-7.0360935E-002,-5.9020864E-002,-1.1834852E-002,-1.8389530E-009, 2.4944584E-006, 2.0851726E-009, 4.1855447E-005
 1.6470763E+002, 4.2631826E-002, 1.1299474E-002, 3.6300233E-003, 1.0895577E-003, 0.0000000E+000, 0.0000000E+000,-7.0397896E-002,-5.8836920E-002,-1.1747014E-002,-1.8387767E-009, 2.4943118E-006, 2.0849727E-009, 4.1852790E-005
 1.6490128E+002, 4.2629353E-002, 1.1339146E-002, 3.6950744E-003, 1.0970936E-003, 0.0000000E+000, 0.0000000E+000,-7.0436106E-002,-5.8658796E-002,-1.1675439E-002,-1.8386040E-009, 2.4941655E-006, 2.0847769E-009, 4.1850137E-005
 1.6509492E+002, 4.2626389E-002, 1.1378219E-002, 3.8062905E-003, 1.0984643E-003, 0.0000000E+000, 0.0000000E+000,-7.0481430E-002,-5.8451157E-002,-1.1572067E-002,-1.8383968E-009, 2.4939903E-006, 2.0845419E-009, 4.1846958E-005
 1.6528857E+002, 4.2623322E-002, 1.1424216E-002, 3.8699131E-003, 1.1059653E-003, 0.0000000E+000, 0.0000000E+000,-7.0531561E-002,-5.8247747E-002,-1.1508145E-002,-1.8381851E-009, 2.4938154E-006, 2.0843019E-009, 4.1843785E-005
 1.6548222E+002, 4.2620386E-002, 1.1474050E-002, 3.9481745E-003, 1.1124162E-003, 0.0000000E+000, 0.0000000E+000,-7.0583675E-002,-5.8045348E-002,-1.1428648E-002,-1.8379729E-009, 2.4936410E-006, 2.0840614E-009, 4.1840616E-005
 1.6561133E+002, 4.2617758E-002, 1.1503258E-002, 4.0026905E-003, 1.1166990E-003, 0.0000000E+000, 0.0000000E+000,-7.0615530E-002,-5.7875232E-002,-1.1375124E-002,-1.8377957E-009, 2.4934960E-006, 2.0838604E-009, 4.1837980E-005
 1.6580496E+002, 4.2615469E-002, 1.1542882E-002, 4.1096385E-003, 1.1231312E-003, 0.0000000E+000, 0.0000000E+000,-7.0657866E-002,-5.7720990E-002,-1.1266745E-002,-1.8376185E-009, 2.4933512E-006, 2.0836595E-009, 4.1835347E-005
 1.6599861E+002, 4.2612523E-002, 1.1580795E-002, 4.1533102E-003, 1.1261511E-003, 0.0000000E+000, 0.0000000E+000,-7.0701298E-002,-5.7533099E-002,-1.1228519E-002,-1.8374076E-009, 2.4931778E-006, 2.0834203E-009, 4.1832193E-005
 1.6619226E+002, 4.2609450E-002, 1.1622089E-002, 4.2178012E-003, 1.1313259E-003, 0.0000000E+000, 0.0000000E+000,-7.0747866E-002,-5.7350647E-002,-1.1167200E-002,-1.8371947E-009, 2.4930048E-006, 2.0831790E-009, 4.1829043E-005
 1.6632137E+002, 4.2607016E-002, 1.1681141E-002, 4.2976453E-003, 1.1322600E-003, 0.0000000E+000, 0.0000000E+000,-7.0803163E-002,-5.7203768E-002,-1.1085100E-002,-1.8370162E-009, 2.4928609E-006, 2.0829765E-009, 4.1826422E-005
 1.6651501E+002, 4.2604522E-002, 1.1703144E-002, 4.3660790E-003, 1.1367502E-003, 0.0000000E+000, 0.0000000E+000,-7.0833291E-002,-5.7045089E-002,-1.1022795E-002,-1.8368383E-009, 2.4927173E-006, 2.0827748E-009, 4.1823805E-005
 1.6670866E+002, 4.2601606E-002, 1.1744149E-002, 4.3979791E-003, 1.1411250E-003, 0.0000000E+000, 0.0000000E+000,-7.0877237E-002,-5.6863498E-002,-1.0992378E-002,-1.8366263E-009, 2.4925454E-006, 2.0825345E-009, 4.1820669E-005
 1.6690231E+002, 4.2598677E-002, 1.1782078E-002, 4.4506804E-003, 1.1437166E-003, 0.0000000E+000, 0.0000000E+000,-7.0920374E-002,-5.6686118E-002,-1.0945222E-002,-1.8364153E-009, 2.4923738E-006, 2.0822952E-009, 4.1817538E-005
 1.6709596E+002, 4.2595759E-002, 1.1820829E-002, 4.5032777E-003, 1.1512461E-003, 0.0000000E+000, 0.0000000E+000,-7.0965305E-002,-5.6506415E-002,-1.0894193E-002,-1.8362053E-009, 2.4922026E-006, 2.0820571E-009, 4.1814412E-005
 1.6722507E+002, 4.2593330E-002, 1.1854568E-002, 4.5430587E-003, 1.1532828E-003, 0.0000000E+000, 0.0000000E+000,-7.1006599E-002,-5.6359115E-002,-1.0862360E-002,-1.8360305E-009, 2.4920602E-006, 2.0818588E-009, 4.1811811E-005
 1.6741872E+002, 4.2590913E-002, 1.1901103E-002, 4.5710126E-003, 1.1568492E-003, 0.0000000E+000, 0.0000000E+000,-7.1049286E-002,-5.6208643E-002,-1.0829409E-002,-1.8358519E-009, 2.4919181E-006, 2.0816563E-009, 4.1809213E-005
 1.6761237E+002, 4.2587933E-002, 1.1942545E-002, 4.6612574E-003, 1.1603249E-003, 0.0000000E+000, 0.0000000E+000,-7.1093377E-002,-5.6028759E-002,-1.0741318E-002,-1.8356449E-009, 2.4917479E-006, 2.0814216E-009, 4.1806101E-005
 1.6780602E+002, 4.2585061E-002, 1.1980717E-002, 4.7081397E-003, 1.1661177E-003, 0.0000000E+000, 0.0000000E+000,-7.1135898E-002,-5.5850657E-002,-1.0695862E-002,-1.8354438E-009, 2.4915782E-006, 2.0811936E-009, 4.1802994E-005
 1.6799966E+002, 4.2582120E-002, 1.2018326E-002, 4.7691239E-003, 1.1695758E-003, 0.0000000E+000, 0.0000000E+000,-7.1179505E-002,-5.5672093E-002,-1.0640360E-002,-1.8352441E-009, 2.4914087E-006, 2.0809672E-009, 4.1799891E-005
 1.6812875E+002, 4.2579751E-002, 1.2045737E-002, 4.7956711E-003, 1.1754973E-003, 0.0000000E+000, 0.0000000E+000,-7.1210776E-002,-5.5520154E-002,-1.0614120E-002,-1.8350782E-009, 2.4912678E-006, 2.0807791E-009, 4.1797309E-005
 1.6832240E+002, 4.2577312E-002, 1.2096743E-002, 4.8872968E-003, 1.1779400E-003, 0.0000000E+000, 0.0000000E+000,-7.1262886E-002,-5.5376059E-002,-1.0523595E-002,-1.8349125E-009, 2.4911271E-006, 2.0805912E-009, 4.1794731E-005
 1.6851605E+002, 4.2574462E-002, 1.2138589E-002, 4.9551863E-003, 1.1831684E-003, 0.0000000E+000, 0.0000000E+000,-7.1306816E-002,-5.5198228E-002,-1.0455410E-002,-1.8347146E-009, 2.4909587E-006, 2.0803668E-009, 4.1791642E-005
 1.6870970E+002, 4.2571537E-002, 1.2176989E-002, 5.0574174E-003, 1.1862867E-003, 0.0000000E+000, 0.0000000E+000,-7.1348014E-002,-5.5020254E-002,-1.0355784E-002,-1.8345158E-009, 2.4907907E-006, 2.0801414E-009, 4.1788558E-005
 1.6890335E+002, 4.2568675E-002, 1.2213472E-002, 5.1368788E-003, 1.1915638E-003, 0.0000000E+000, 0.0000000E+000,-7.1389109E-002,-5.4844668E-002,-1.0278520E-002,-1.8343100E-009, 2.4906230E-006, 2.0799079E-009, 4.1785479E-005
 1.6903246E+002, 4.2566278E-002, 1.2259379E-002, 5.1763414E-003, 1.1949012E-003, 0.0000000E+000, 0.0000000E+000,-7.1433083E-002,-5.4704135E-002,-1.0236182E-002,-1.8341384E-009, 2.4904835E-006, 2.0797134E-009, 4.1782916E-005
 1.6922610E+002, 4.2563967E-002, 1.2287049E-002, 5.2385392E-003, 1.1991709E-003, 0.0000000E+000, 0.0000000E+000,-7.1467592E-002,-5.4550789E-002,-1.0178865E-002,-1.8339713E-009, 2.4903443E-006, 2.0795239E-009, 4.1780357E-005
 1.6941975E+002, 4.2561082E-002, 1.2331328E-002, 5.2781157E-003, 1.2020429E-003, 0.0000000E+000, 0.0000000E+000,-7.1513401E-002,-5.4374275E-002,-1.0140832E-002,-1.8337758E-009, 2.4901776E-006, 2.0793023E-009, 4.1777290E-005
 1.6961340E+002, 4.2558129E-002, 1.2370820E-002, 5.3678719E-003, 1.2046066E-003, 0.0000000E+000, 0.0000000E+000,-7.1554505E-002,-5.4199636E-002,-1.0053077E-002,-1.8335871E-009, 2.4900113E-006, 2.0790883E-009, 4.1774229E-005
 1.6974251E+002, 4.2555903E-002, 1.2394613E-002, 5.4465494E-003, 1.2092471E-003, 0.0000000E+000, 0.0000000E+000,-7.1587414E-002,-5.4055473E-002,-9.9811020E-003,-1.8334443E-009, 2.4898729E-006, 2.0789264E-009, 4.1771681E-005
 1.6993616E+002, 4.2553453E-002, 1.2431845E-002, 5.5227637E-003, 1.2157698E-003, 0.0000000E+000, 0.0000000E+000,-7.1623442E-002,-5.3916049E-002,-9.8996111E-003,-1.8333018E-009, 2.4897348E-006, 2.0787648E-009, 4.1769136E-005
 1.7012981E+002, 4.2550675E-002, 1.2475045E-002, 5.5718374E-003, 1.2179561E-003, 0.0000000E+000, 0.0000000E+000,-7.1669399E-002,-5.3748092E-002,-9.8538851E-003,-1.8331226E-009, 2.4895694E-006, 2.0785616E-009, 4.1766087E-005
 1.7032346E+002, 4.2547844E-002, 1.2521915E-002, 5.6182955E-003, 1.2212389E-003, 0.0000000E+000, 0.0000000E+000,-7.1717770E-002,-5.3579784E-002,-9.8084767E-003,-1.8329379E-009, 2.4894044E-006, 2.0783522E-009, 4.1763043E-005
 1.7051711E+002, 4.2544974E-002, 1.2561827E-002, 5.6564662E-003, 1.2268373E-003, 0.0000000E+000, 0.0000000E+000,-7.1759530E-002,-5.3414952E-002,-9.7694256E-003,-1.8327482E-009, 2.4892398E-006, 2.0781370E-009, 4.1760004E-005
 1.7064619E+002, 4.2542641E-002, 1.2586477E-002, 5.7343701E-003, 1.2318582E-003, 0.0000000E+000, 0.0000000E+000,-7.1787166E-002,-5.3272135E-002,-9.6918200E-003,-1.8325948E-009, 2.4891028E-006, 2.0779632E-009, 4.1757474E-005
 1.7083984E+002, 4.2540364E-002, 1.2622140E-002, 5.7401471E-003, 1.2310483E-003, 0.0000000E+000, 0.0000000E+000,-7.1826300E-002,-5.3146085E-002,-9.6926010E-003,-1.8324482E-009, 2.4889661E-006, 2.0777969E-009, 4.1754949E-005
 1.7103349E+002, 4.2537427E-002, 1.2660885E-002, 5.7784512E-003, 1.2344422E-003, 0.0000000E+000, 0.0000000E+000,-7.1869114E-002,-5.2988359E-002,-9.6579086E-003,-1.8322652E-009, 2.4888024E-006, 2.0775894E-009, 4.1751922E-005
 1.7122714E+002, 4.2534774E-002, 1.2710288E-002, 5.8281861E-003, 1.2391633E-003, 0.0000000E+000, 0.0000000E+000,-7.1920159E-002,-5.2831808E-002,-9.6077471E-003,-1.8320809E-009, 2.4886391E-006, 2.0773805E-009, 4.1748899E-005
 1.7142079E+002, 4.2531929E-002, 1.2750623E-002, 5.8892063E-003, 1.2443153E-003, 0.0000000E+000, 0.0000000E+000,-7.1962332E-002,-5.2677226E-002,-9.5462593E-003,-1.8319024E-009, 2.4884761E-006, 2.0771780E-009, 4.1745882E-005
 1.7154990E+002, 4.2529564E-002, 1.2794214E-002, 5.9507048E-003, 1.2495965E-003, 0.0000000E+000, 0.0000000E+000,-7.2002475E-002,-5.2554760E-002,-9.4783963E-003,-1.8317508E-009, 2.4883406E-006, 2.0770061E-009, 4.1743372E-005
 1.7174355E+002, 4.2527330E-002, 1.2811242E-002, 5.9442599E-003, 1.2520977E-003, 0.0000000E+000, 0.0000000E+000,-7.2028841E-002,-5.2428373E-002,-9.4939113E-003,-1.8315958E-009, 2.4882053E-006, 2.0768303E-009, 4.1740864E-005
 1.7193719E+002, 4.2524501E-002, 1.2847604E-002, 5.9621248E-003, 1.2565530E-003, 0.0000000E+000, 0.0000000E+000,-7.2070270E-002,-5.2285800E-002,-9.4794872E-003,-1.8314072E-009, 2.4880432E-006, 2.0766166E-009, 4.1737859E-005
 1.7213084E+002, 4.2521817E-002, 1.2893652E-002, 6.0123054E-003, 1.2615907E-003, 0.0000000E+000, 0.0000000E+000,-7.2117830E-002,-5.2144630E-002,-9.4284652E-003,-1.8312165E-009, 2.4878815E-006, 2.0764003E-009, 4.1734859E-005
 1.7232449E+002, 4.2518931E-002, 1.2936387E-002, 6.0193902E-003, 1.2650279E-003, 0.0000000E+000, 0.0000000E+000,-7.2162093E-002,-5.2005740E-002,-9.4223562E-003,-1.8310288E-009, 2.4877202E-006, 2.0761874E-009, 4.1731863E-005
 1.7245360E+002, 4.2516650E-002, 1.2962208E-002, 6.0623948E-003, 1.2692827E-003, 0.0000000E+000, 0.0000000E+000,-7.2194417E-002,-5.1892242E-002,-9.3838808E-003,-1.8308728E-009, 2.4875860E-006, 2.0760106E-009, 4.1729371E-005
 1.7264725E+002, 4.2514403E-002, 1.2998033E-002, 6.0306070E-003, 1.2728291E-003, 0.0000000E+000, 0.0000000E+000,-7.2228033E-002,-5.1779572E-002,-9.4121612E-003,-1.8307165E-009, 2.4874521E-006, 2.0758333E-009, 4.1726882E-005
 1.7284090E+002, 4.2511666E-002, 1.3033385E-002, 6.0485276E-003, 1.2762260E-003, 0.0000000E+000, 0.0000000E+000,-7.2267865E-002,-5.1646966E-002,-9.3980611E-003,-1.8305247E-009, 2.4872917E-006, 2.0756158E-009, 4.1723899E-005
 1.7303455E+002, 4.2508894E-002, 1.3075099E-002, 6.0570616E-003, 1.2817535E-003, 0.0000000E+000, 0.0000000E+000,-7.2311999E-002,-5.1511549E-002,-9.3891905E-003,-1.8303314E-009, 2.4871316E-006, 2.0753966E-009, 4.1720920E-005
 1.7316364E+002, 4.2506563E-002, 1.3107391E-002, 6.0804562E-003, 1.2857103E-003, 0.0000000E+000, 0.0000000E+000,-7.2345183E-002,-5.1390837E-002,-9.3650626E-003,-1.8301729E-009, 2.4869985E-006, 2.0752169E-009, 4.1718441E-005
 1.7335728E+002, 4.2504321E-002, 1.3146741E-002, 6.0948792E-003, 1.2853411E-003, 0.0000000E+000, 0.0000000E+000,-7.2385709E-002,-5.1283653E-002,-9.3544267E-003,-1.8300157E-009, 2.4868656E-006, 2.0750388E-009, 4.1715966E-005
 1.7355093E+002, 4.2501622E-002, 1.3182951E-002, 6.0997930E-003, 1.2899994E-003, 0.0000000E+000, 0.0000000E+000,-7.2424160E-002,-5.1145569E-002,-9.3497945E-003,-1.8298288E-009, 2.4867065E-006, 2.0748268E-009, 4.1713000E-005
 1.7374458E+002, 4.2498907E-002, 1.3217303E-002, 6.1367047E-003, 1.2939962E-003, 0.0000000E+000, 0.0000000E+000,-7.2462648E-002,-5.1007963E-002,-9.3157367E-003,-1.8296441E-009, 2.4865478E-006, 2.0746174E-009, 4.1710038E-005
 1.7393823E+002, 4.2496202E-002, 1.3254752E-002, 6.1453716E-003, 1.2997561E-003, 0.0000000E+000, 0.0000000E+000,-7.2503859E-002,-5.0872436E-002,-9.3077770E-003,-1.8294608E-009, 2.4863893E-006, 2.0744096E-009, 4.1707081E-005
 1.7406734E+002, 4.2493918E-002, 1.3308437E-002, 6.1806412E-003, 1.2990894E-003, 0.0000000E+000, 0.0000000E+000,-7.2553240E-002,-5.0761776E-002,-9.2711541E-003,-1.8293081E-009, 2.4862575E-006, 2.0742364E-009, 4.1704620E-005
 1.7426099E+002, 4.2491722E-002, 1.3328488E-002, 6.2023384E-003, 1.3026859E-003, 0.0000000E+000, 0.0000000E+000,-7.2579735E-002,-5.0639871E-002,-9.2545003E-003,-1.8291542E-009, 2.4861260E-006, 2.0740619E-009, 4.1702163E-005
 1.7445464E+002, 4.2488945E-002, 1.3365781E-002, 6.2236069E-003, 1.3088392E-003, 0.0000000E+000, 0.0000000E+000,-7.2618630E-002,-5.0497887E-002,-9.2314574E-003,-1.8289723E-009, 2.4859685E-006, 2.0738557E-009, 4.1699218E-005
 1.7464828E+002, 4.2486255E-002, 1.3400200E-002, 6.2565271E-003, 1.3094892E-003, 0.0000000E+000, 0.0000000E+000,-7.2656465E-002,-5.0359117E-002,-9.2039938E-003,-1.8287949E-009, 2.4858113E-006, 2.0736545E-009, 4.1696278E-005
 1.7484193E+002, 4.2483568E-002, 1.3435357E-002, 6.2939831E-003, 1.3160902E-003, 0.0000000E+000, 0.0000000E+000,-7.2696248E-002,-5.0220535E-002,-9.1672497E-003,-1.8286231E-009, 2.4856545E-006, 2.0734597E-009, 4.1693341E-005
 1.7497102E+002, 4.2481491E-002, 1.3466106E-002, 6.3254170E-003, 1.3197226E-003, 0.0000000E+000, 0.0000000E+000,-7.2732962E-002,-5.0102814E-002,-9.1402245E-003,-1.8284826E-009, 2.4855240E-006, 2.0733003E-009, 4.1690898E-005
 1.7516467E+002, 4.2479138E-002, 1.3508389E-002, 6.3907978E-003, 1.3234499E-003, 0.0000000E+000, 0.0000000E+000,-7.2770947E-002,-4.9983964E-002,-9.0691726E-003,-1.8283400E-009, 2.4853938E-006, 2.0731387E-009, 4.1688458E-005
 1.7535832E+002, 4.2476430E-002, 1.3546108E-002, 6.4187436E-003, 1.3263785E-003, 0.0000000E+000, 0.0000000E+000,-7.2810184E-002,-4.9841284E-002,-9.0425227E-003,-1.8281704E-009, 2.4852379E-006, 2.0729463E-009, 4.1685534E-005
 1.7555197E+002, 4.2473821E-002, 1.3580808E-002, 6.4820053E-003, 1.3322611E-003, 0.0000000E+000, 0.0000000E+000,-7.2848353E-002,-4.9699656E-002,-8.9794577E-003,-1.8280045E-009, 2.4850823E-006, 2.0727583E-009, 4.1682615E-005
 1.7568108E+002, 4.2471638E-002, 1.3602769E-002, 6.5258849E-003, 1.3336160E-003, 0.0000000E+000, 0.0000000E+000,-7.2874652E-002,-4.9581080E-002,-8.9407434E-003,-1.8278671E-009, 2.4849528E-006, 2.0726025E-009, 4.1680185E-005
 1.7587473E+002, 4.2469316E-002, 1.3639634E-002, 6.5201684E-003, 1.3386359E-003, 0.0000000E+000, 0.0000000E+000,-7.2914989E-002,-4.9472537E-002,-8.9472357E-003,-1.8277281E-009, 2.4848237E-006, 2.0724448E-009, 4.1677758E-005
 1.7606837E+002, 4.2466753E-002, 1.3686312E-002, 6.5731118E-003, 1.3457766E-003, 0.0000000E+000, 0.0000000E+000,-7.2963495E-002,-4.9334645E-002,-8.8915411E-003,-1.8275664E-009, 2.4846690E-006, 2.0722615E-009, 4.1674851E-005
 1.7626202E+002, 4.2464158E-002, 1.3724430E-002, 6.6052492E-003, 1.3478708E-003, 0.0000000E+000, 0.0000000E+000,-7.3003626E-002,-4.9198105E-002,-8.8619174E-003,-1.8274062E-009, 2.4845146E-006, 2.0720799E-009, 4.1671948E-005
 1.7645567E+002, 4.2461414E-002, 1.3759399E-002, 6.6178556E-003, 1.3527240E-003, 0.0000000E+000, 0.0000000E+000,-7.3041793E-002,-4.9064897E-002,-8.8504003E-003,-1.8272429E-009, 2.4843606E-006, 2.0718947E-009, 4.1669050E-005
 1.7658478E+002, 4.2459294E-002, 1.3799057E-002, 6.6506966E-003, 1.3595001E-003, 0.0000000E+000, 0.0000000E+000,-7.3079458E-002,-4.8959697E-002,-8.8109093E-003,-1.8271067E-009, 2.4842326E-006, 2.0717402E-009, 4.1666638E-005
 1.7677843E+002, 4.2457018E-002, 1.3816033E-002, 6.6385468E-003, 1.3605352E-003, 0.0000000E+000, 0.0000000E+000,-7.3106047E-002,-4.8848676E-002,-8.8339145E-003,-1.8269692E-009, 2.4841047E-006, 2.0715843E-009, 4.1664229E-005
 1.7697208E+002, 4.2454449E-002, 1.3859540E-002, 6.6716558E-003, 1.3660757E-003, 0.0000000E+000, 0.0000000E+000,-7.3151409E-002,-4.8719425E-002,-8.7996882E-003,-1.8268070E-009, 2.4839515E-006, 2.0714004E-009, 4.1661342E-005
 1.7716573E+002, 4.2451779E-002, 1.3899933E-002, 6.6370370E-003, 1.3694979E-003, 0.0000000E+000, 0.0000000E+000,-7.3193528E-002,-4.8592259E-002,-8.8352815E-003,-1.8266466E-009, 2.4837988E-006, 2.0712185E-009, 4.1658460E-005
 1.7735938E+002, 4.2449197E-002, 1.3935971E-002, 6.6454095E-003, 1.3725260E-003, 0.0000000E+000, 0.0000000E+000,-7.3231555E-002,-4.8467531E-002,-8.8284517E-003,-1.8264907E-009, 2.4836463E-006, 2.0710418E-009, 4.1655582E-005
 1.7748846E+002, 4.2447050E-002, 1.3957722E-002, 6.6192601E-003, 1.3768880E-003, 0.0000000E+000, 0.0000000E+000,-7.3261575E-002,-4.8362946E-002,-8.8606550E-003,-1.8263600E-009, 2.4835195E-006, 2.0708936E-009, 4.1653187E-005
 1.7768211E+002, 4.2444935E-002, 1.3991569E-002, 6.6251021E-003, 1.3812210E-003, 0.0000000E+000, 0.0000000E+000,-7.3294428E-002,-4.8258788E-002,-8.8516004E-003,-1.8262269E-009, 2.4833930E-006, 2.0707426E-009, 4.1650796E-005
 1.7787576E+002, 4.2442326E-002, 1.4030963E-002, 6.6658367E-003, 1.3859102E-003, 0.0000000E+000, 0.0000000E+000,-7.3336719E-002,-4.8131847E-002,-8.8116836E-003,-1.8260638E-009, 2.4832414E-006, 2.0705577E-009, 4.1647930E-005
 1.7806941E+002, 4.2439677E-002, 1.4073772E-002, 6.6845841E-003, 1.3913082E-003, 0.0000000E+000, 0.0000000E+000,-7.3381071E-002,-4.8001374E-002,-8.7917301E-003,-1.8258978E-009, 2.4830902E-006, 2.0703694E-009, 4.1645068E-005
 1.7826306E+002, 4.2437082E-002, 1.4110242E-002, 6.6993731E-003, 1.3958865E-003, 0.0000000E+000, 0.0000000E+000,-7.3419077E-002,-4.7868617E-002,-8.7764931E-003,-1.8257290E-009, 2.4829393E-006, 2.0701781E-009, 4.1642211E-005
 1.7839217E+002, 4.2434936E-002, 1.4132741E-002, 6.7187923E-003, 1.4004855E-003, 0.0000000E+000, 0.0000000E+000,-7.3444587E-002,-4.7749735E-002,-8.7576324E-003,-1.8255883E-009, 2.4828138E-006, 2.0700185E-009, 4.1639833E-005
 1.7858582E+002, 4.2432801E-002, 1.4165292E-002, 6.7413712E-003, 1.4034296E-003, 0.0000000E+000, 0.0000000E+000,-7.3480447E-002,-4.7640998E-002,-8.7375521E-003,-1.8254475E-009, 2.4826885E-006, 2.0698589E-009, 4.1637459E-005
 1.7877946E+002, 4.2430212E-002, 1.4200626E-002, 6.7326228E-003, 1.4088411E-003, 0.0000000E+000, 0.0000000E+000,-7.3519211E-002,-4.7500455E-002,-8.7469094E-003,-1.8252831E-009, 2.4825385E-006, 2.0696725E-009, 4.1634613E-005
 1.7897311E+002, 4.2427664E-002, 1.4245753E-002, 6.8247941E-003, 1.4117867E-003, 0.0000000E+000, 0.0000000E+000,-7.3566007E-002,-4.7352773E-002,-8.6560092E-003,-1.8251335E-009, 2.4823888E-006, 2.0695028E-009, 4.1631771E-005
 1.7910222E+002, 4.2425576E-002, 1.4288069E-002, 6.8543129E-003, 1.4129747E-003, 0.0000000E+000, 0.0000000E+000,-7.3605255E-002,-4.7232567E-002,-8.6243222E-003,-1.8250153E-009, 2.4822643E-006, 2.0693688E-009, 4.1629407E-005
 1.7929587E+002, 4.2423389E-002, 1.4305452E-002, 6.9005281E-003, 1.4170848E-003, 0.0000000E+000, 0.0000000E+000,-7.3629649E-002,-4.7100596E-002,-8.5831940E-003,-1.8248909E-009, 2.4821400E-006, 2.0692278E-009, 4.1627046E-005
 1.7948952E+002, 4.2420866E-002, 1.4337893E-002, 6.9439400E-003, 1.4208794E-003, 0.0000000E+000, 0.0000000E+000,-7.3666343E-002,-4.6946516E-002,-8.5427644E-003,-1.8247376E-009, 2.4819912E-006, 2.0690539E-009, 4.1624216E-005
 1.7968317E+002, 4.2418349E-002, 1.4370997E-002, 7.0257964E-003, 1.4269982E-003, 0.0000000E+000, 0.0000000E+000,-7.3704510E-002,-4.6791395E-002,-8.4623689E-003,-1.8245831E-009, 2.4818427E-006, 2.0688788E-009, 4.1621391E-005
 1.7987682E+002, 4.2415794E-002, 1.4412963E-002, 7.0950214E-003, 1.4283575E-003, 0.0000000E+000, 0.0000000E+000,-7.3748598E-002,-4.6634964E-002,-8.3964624E-003,-1.8244335E-009, 2.4816945E-006, 2.0687091E-009, 4.1618569E-005
 1.8000000E+002, 4.2805187E-002, 1.4438687E-002, 7.1144133E-003, 1.4368075E-003, 0.0000000E+000, 0.0000000E+000,-7.3809742E-002,-4.6505212E-002,-8.0146483E-003,-1.8243070E-009, 2.4815724E-006, 2.0685657E-009, 4.1616244E-005
